#omega_0	E_QP(omega)_0#	omega_1	E_QP(omega)_1#	omega_2	E_QP(omega)_2#	omega_3	E_QP(omega)_3
-11.226531	-16.894469	-11.225625	-16.899379	 -1.783031	 -3.361134	 -1.598780	 -3.201870
-11.216531	 -8.817393	-11.215625	 -8.822130	 -1.773031	 -0.274537	 -1.588780	 +0.275122
-11.206531	 -9.744578	-11.205625	 -9.751571	 -1.763031	 -1.548534	 -1.578780	 -0.421063
-11.196531	-10.109717	-11.195625	-10.138510	 -1.753031	 -0.064211	 -1.568780	 -0.655583
-11.186531	-10.276100	-11.185625	-10.320761	 -1.743031	 -0.721899	 -1.558780	 -0.858908
-11.176531	 -9.843682	-11.175625	 -9.838609	 -1.733031	 -0.857364	 -1.548780	 -1.241875
-11.166531	-10.346022	-11.165625	-10.370809	 -1.723031	 -0.787183	 -1.538780	 -0.382421
-11.156531	-10.514158	-11.155625	-10.529737	 -1.713031	 -1.041742	 -1.528780	 -0.772410
-11.146531	-11.197166	-11.145625	-11.186268	 -1.703031	 -1.414407	 -1.518780	 -0.491833
-11.136531	-10.658361	-11.135625	-10.729225	 -1.693031	 -0.898893	 -1.508780	 -0.694590
-11.126531	-12.395112	-11.125625	 -8.581005	 -1.683031	 -0.779733	 -1.498780	 -0.989746
-11.116531	-10.046587	-11.115625	-10.152092	 -1.673031	 -0.673997	 -1.488780	 -0.656952
-11.106531	-10.414516	-11.105625	-10.439426	 -1.663031	 -0.990971	 -1.478780	 -0.748570
-11.096531	-10.676389	-11.095625	-10.690540	 -1.653031	 -1.208595	 -1.468780	 -1.056227
-11.086531	-11.772505	-11.085625	-11.782725	 -1.643031	 -1.865876	 -1.458780	 -1.423982
-11.076531	-10.375930	-11.075625	-10.386602	 -1.633031	 +0.076286	 -1.448780	 -0.308045
-11.066531	-10.700651	-11.065625	-10.753042	 -1.623031	 -0.934328	 -1.438780	 -0.870132
-11.056531	-10.563382	-11.055625	-10.635233	 -1.613031	 -1.223133	 -1.428780	 -1.032975
-11.046531	-10.568577	-11.045625	-10.582381	 -1.603031	 -1.226395	 -1.418780	 -1.593250
-11.036531	-10.943436	-11.035625	-10.952374	 -1.593031	 -1.015024	 -1.408780	 +0.552552
-11.026531	-11.633247	-11.025625	-11.643846	 -1.583031	 -1.507445	 -1.398780	 -0.400003
-11.016531	 -9.904661	-11.015625	 -9.922585	 -1.573031	 -0.807976	 -1.388780	 -0.369623
-11.006531	-10.870125	-11.005625	-10.908452	 -1.563031	 -1.139819	 -1.378780	 -0.514216
-10.996531	-11.578078	-10.995625	-11.753359	 -1.553031	 -1.758777	 -1.368780	 -0.737503
-10.986531	-10.407356	-10.985625	 -7.948072	 -1.543031	 -1.167880	 -1.358780	 -0.963372
-10.976531	-12.365258	-10.975625	-12.483078	 -1.533031	 -3.640301	 -1.348780	 -1.703786
-10.966531	 -7.727545	-10.965625	 -7.761055	 -1.523031	 +0.712427	 -1.338780	 -0.141645
-10.956531	 -9.397845	-10.955625	 -9.415933	 -1.513031	 -2.400674	 -1.328780	 -0.192422
-10.946531	 -9.912938	-10.945625	 -9.959323	 -1.503031	 -0.106348	 -1.318780	 -0.282718
-10.936531	-10.126673	-10.935625	-10.144596	 -1.493031	 +0.051038	 -1.308780	 -0.684802
-10.926531	-10.093436	-10.925625	-10.110444	 -1.483031	 -0.355719	 -1.298780	 -0.949873
-10.916531	-10.277617	-10.915625	-10.285948	 -1.473031	 -0.498949	 -1.288780	 -0.254909
-10.906531	-10.498876	-10.905625	-10.449999	 -1.463031	 -0.775776	 -1.278780	 -0.601204
-10.896531	-10.595705	-10.895625	-10.599342	 -1.453031	 -0.664014	 -1.268780	 -0.794016
-10.886531	-11.296041	-10.885625	-11.311512	 -1.443031	 -1.238471	 -1.258780	 -1.028975
-10.876531	 -8.534036	-10.875625	 -8.549969	 -1.433031	 +0.235547	 -1.248780	 -0.160051
-10.866531	 -9.837882	-10.865625	 -9.841113	 -1.423031	 -0.552616	 -1.238780	 -0.689200
-10.856531	-10.091660	-10.855625	-10.092925	 -1.413031	 -1.156411	 -1.228780	 -0.051271
-10.846531	-10.222994	-10.845625	-10.223485	 -1.403031	 -0.428530	 -1.218780	 -0.556490
-10.836531	-10.347022	-10.835625	-10.345950	 -1.393031	 -0.729192	 -1.208780	 -0.672961
-10.826531	-10.353124	-10.825625	-10.353549	 -1.383031	 -0.888883	 -1.198780	 -1.361039
-10.816531	-10.272314	-10.815625	-10.272344	 -1.373031	 -0.788558	 -1.188780	 -0.334135
-10.806531	-10.346650	-10.805625	-10.347091	 -1.363031	 -1.728888	 -1.178780	 +0.595811
-10.796531	-10.409089	-10.795625	-10.409379	 -1.353031	 -0.418468	 -1.168780	 -0.282425
-10.786531	-10.474984	-10.785625	-10.475230	 -1.343031	 -0.317905	 -1.158780	 -0.523644
-10.776531	-10.626142	-10.775625	-10.626568	 -1.333031	 -0.467863	 -1.148780	 -0.540896
-10.766531	-10.092410	-10.765625	-10.093703	 -1.323031	 -0.307354	 -1.138780	 -0.489775
-10.756531	-10.374730	-10.755625	-10.374897	 -1.313031	 -0.556614	 -1.128780	 -0.454185
-10.746531	-10.468899	-10.745625	-10.469260	 -1.303031	 -0.652914	 -1.118780	 -0.691419
-10.736531	-10.304615	-10.735625	-10.304919	 -1.293031	 -0.596857	 -1.108780	 -0.197320
-10.726531	-10.465150	-10.725625	-10.466686	 -1.283031	 -0.683918	 -1.098780	 -0.426050
-10.716531	-10.515722	-10.715625	-10.520106	 -1.273031	 -0.735752	 -1.088780	 -0.486452
-10.706531	-10.620231	-10.705625	-10.436804	 -1.263031	 -0.878492	 -1.078780	 -0.514298
-10.696531	-10.543177	-10.695625	-10.552605	 -1.253031	 -0.418228	 -1.068780	 -0.539099
-10.686531	-10.576274	-10.685625	-10.580154	 -1.243031	 -0.700609	 -1.058780	 -0.560833
-10.676531	-10.616687	-10.675625	-10.621133	 -1.233031	 -0.756269	 -1.048780	 -0.579830
-10.666531	-10.663484	-10.665625	-10.670371	 -1.223031	 -0.676174	 -1.038780	 -0.599603
-10.656531	-10.728587	-10.655625	-10.740954	 -1.213031	 -0.737184	 -1.028780	 -0.630998
-10.646531	-10.839167	-10.645625	-10.866416	 -1.203031	 -0.768341	 -1.018780	 -0.673963
-10.636531	-11.104449	-10.635625	-11.198997	 -1.193031	 -0.798414	 -1.008780	 -0.575437
-10.626531	-12.969463	-10.625625	-14.194087	 -1.183031	 -0.867207	 -0.998780	 -0.604211
-10.616531	 -9.547959	-10.615625	 -9.738356	 -1.173031	 -0.760356	 -0.988780	 -0.619214
-10.606531	-10.122793	-10.605625	-10.161773	 -1.163031	 -0.814181	 -0.978780	 -0.631500
-10.596531	-10.286298	-10.595625	-10.301926	 -1.153031	 -0.852728	 -0.968780	 -0.639165
-10.586531	-10.366506	-10.585625	-10.374482	 -1.143031	 -0.946940	 -0.958780	 -0.648624
-10.576531	-10.415984	-10.575625	-10.420535	 -1.133031	 -0.650318	 -0.948780	 -0.658112
-10.566531	-10.450873	-10.565625	-10.453611	 -1.123031	 -0.783674	 -0.938780	 -0.671655
-10.556531	-10.478091	-10.555625	-10.479812	 -1.113031	 -0.828727	 -0.928780	 -0.674609
-10.546531	-10.502404	-10.545625	-10.503898	 -1.103031	 -0.863603	 -0.918780	 -0.699018
-10.536531	-10.545524	-10.535625	-10.560791	 -1.093031	 -0.883036	 -0.908780	 -0.684449
-10.526531	-10.509337	-10.525625	-10.512920	 -1.083031	 -0.798782	 -0.898780	 -0.677171
-10.516531	-10.531258	-10.515625	-10.532066	 -1.073031	 -0.878294	 -0.888780	 -0.694023
-10.506531	-10.545060	-10.505625	-10.545237	 -1.063031	 -0.896240	 -0.878780	 -0.708935
-10.496531	-10.556446	-10.495625	-10.556309	 -1.053031	 -0.966056	 -0.868780	 -0.727140
-10.486531	-10.566470	-10.485625	-10.566129	 -1.043031	 -0.765994	 -0.858780	 -0.754425
-10.476531	-10.575539	-10.475625	-10.575050	 -1.033031	 -0.918976	 -0.848780	 -0.807997
-10.466531	-10.583875	-10.465625	-10.583271	 -1.023031	 -0.978728	 -0.838780	 -0.995833
-10.456531	-10.591619	-10.455625	-10.590923	 -1.013031	 -1.103454	 -0.828780	 +0.033546
-10.446531	-10.598868	-10.445625	-10.598096	 -1.003031	 -1.464145	 -0.818780	 -0.505454
-10.436531	-10.605697	-10.435625	-10.604860	 -0.993031	 +0.616581	 -0.808780	 -0.586200
-10.426531	-10.612160	-10.425625	-10.611269	 -0.983031	 -0.496260	 -0.798780	 -0.620034
-10.416531	-10.618304	-10.415625	-10.617366	 -0.973031	 -0.647079	 -0.788780	 -0.639697
-10.406531	-10.624164	-10.405625	-10.623185	 -0.963031	 -0.721705	 -0.778780	 -0.653407
-10.396531	-10.629770	-10.395625	-10.628755	 -0.953031	 -0.752177	 -0.768780	 -0.664538
-10.386531	-10.635148	-10.385625	-10.634100	 -0.943031	 -0.758647	 -0.758780	 -0.676128
-10.376531	-10.640317	-10.375625	-10.639240	 -0.933031	 -0.794367	 -0.748780	 -0.710118
-10.366531	-10.645298	-10.365625	-10.644194	 -0.923031	 -0.832617	 -0.738780	 -0.661887
-10.356531	-10.650104	-10.355625	-10.648977	 -0.913031	 -0.792486	 -0.728780	 -0.676387
-10.346531	-10.654750	-10.345625	-10.653601	 -0.903031	 -0.814460	 -0.718780	 -0.683441
-10.336531	-10.659247	-10.335625	-10.658079	 -0.893031	 -0.825751	 -0.708780	 -0.688958
-10.326531	-10.663607	-10.325625	-10.662420	 -0.883031	 -0.834340	 -0.698780	 -0.694290
-10.316531	-10.667837	-10.315625	-10.666634	 -0.873031	 -0.841563	 -0.688780	 -0.701944
-10.306531	-10.671948	-10.305625	-10.670728	 -0.863031	 -0.847949	 -0.678780	 -0.668909
-10.296531	-10.675945	-10.295625	-10.674711	 -0.853031	 -0.853945	 -0.668780	 -0.695272
-10.286531	-10.679836	-10.285625	-10.678588	 -0.843031	 -0.863173	 -0.658780	 -0.700603
-10.276531	-10.683626	-10.275625	-10.682366	 -0.833031	 -0.861535	 -0.648780	 -0.704176
-10.266531	-10.687322	-10.265625	-10.686050	 -0.823031	 -0.866496	 -0.638780	 -0.707158
-10.256531	-10.690928	-10.255625	-10.689644	 -0.813031	 -0.870904	 -0.628780	 -0.709828
-10.246531	-10.694449	-10.245625	-10.693155	 -0.803031	 -0.874361	 -0.618780	 -0.712294
-10.236531	-10.697889	-10.235625	-10.696584	 -0.793031	 -0.878009	 -0.608780	 -0.714608
-10.226531	-10.701251	-10.225625	-10.699938	 -0.783031	 -0.881421	 -0.598780	 -0.716802
-10.216531	-10.704541	-10.215625	-10.703218	 -0.773031	 -0.884650	 -0.588780	 -0.718895
-10.206531	-10.707760	-10.205625	-10.706428	 -0.763031	 -0.887725	 -0.578780	 -0.720902
-10.196531	-10.710911	-10.195625	-10.709572	 -0.753031	 -0.890665	 -0.568780	 -0.722833
-10.186531	-10.713999	-10.185625	-10.712652	 -0.743031	 -0.893486	 -0.558780	 -0.724697
-10.176531	-10.717025	-10.175625	-10.715670	 -0.733031	 -0.896202	 -0.548780	 -0.726501
-10.166531	-10.719991	-10.165625	-10.718629	 -0.723031	 -0.898826	 -0.538780	 -0.728250
-10.156531	-10.722901	-10.155625	-10.721532	 -0.713031	 -0.901371	 -0.528780	 -0.729949
-10.146531	-10.725756	-10.145625	-10.724381	 -0.703031	 -0.903853	 -0.518780	 -0.731602
-10.136531	-10.728559	-10.135625	-10.727177	 -0.693031	 -0.906292	 -0.508780	 -0.733212
-10.126531	-10.731310	-10.125625	-10.729923	 -0.683031	 -0.908726	 -0.498780	 -0.734782
-10.116531	-10.734013	-10.115625	-10.732620	 -0.673031	 -0.911241	 -0.488780	 -0.736316
-10.106531	-10.736669	-10.105625	-10.735270	 -0.663031	 -0.914136	 -0.478780	 -0.737815
-10.096531	-10.739279	-10.095625	-10.737874	 -0.653031	 -0.919948	 -0.468780	 -0.739282
-10.086531	-10.741844	-10.085625	-10.740435	 -0.643031	 -0.910734	 -0.458780	 -0.740718
-10.076531	-10.744368	-10.075625	-10.742953	 -0.633031	 -0.916279	 -0.448780	 -0.742126
-10.066531	-10.746850	-10.065625	-10.745430	 -0.623031	 -0.918945	 -0.438780	 -0.743506
-10.056531	-10.749292	-10.055625	-10.747867	 -0.613031	 -0.921131	 -0.428780	 -0.744862
-10.046531	-10.751695	-10.045625	-10.750266	 -0.603031	 -0.923127	 -0.418780	 -0.746193
-10.036531	-10.754060	-10.035625	-10.752627	 -0.593031	 -0.925016	 -0.408780	 -0.747502
-10.026531	-10.756390	-10.025625	-10.754952	 -0.583031	 -0.926829	 -0.398780	 -0.748788
-10.016531	-10.758683	-10.015625	-10.757241	 -0.573031	 -0.928584	 -0.388780	 -0.750055
-10.006531	-10.760943	-10.005625	-10.759497	 -0.563031	 -0.930290	 -0.378780	 -0.751302
 -9.996531	-10.763169	 -9.995625	-10.761719	 -0.553031	 -0.931953	 -0.368780	 -0.752530
 -9.986531	-10.765362	 -9.985625	-10.763909	 -0.543031	 -0.933576	 -0.358780	 -0.753741
 -9.976531	-10.767524	 -9.975625	-10.766067	 -0.533031	 -0.935165	 -0.348780	 -0.754935
 -9.966531	-10.769656	 -9.965625	-10.768195	 -0.523031	 -0.936720	 -0.338780	 -0.756114
 -9.956531	-10.771757	 -9.955625	-10.770292	 -0.513031	 -0.938244	 -0.328780	 -0.757277
 -9.946531	-10.773829	 -9.945625	-10.772361	 -0.503031	 -0.939740	 -0.318780	 -0.758425
 -9.936531	-10.775873	 -9.935625	-10.774402	 -0.493031	 -0.941209	 -0.308780	 -0.759560
 -9.926531	-10.777889	 -9.925625	-10.776415	 -0.483031	 -0.942651	 -0.298780	 -0.760682
 -9.916531	-10.779879	 -9.915625	-10.778401	 -0.473031	 -0.944069	 -0.288780	 -0.761791
 -9.906531	-10.781842	 -9.905625	-10.780361	 -0.463031	 -0.945463	 -0.278780	 -0.762888
 -9.896531	-10.783779	 -9.895625	-10.782295	 -0.453031	 -0.946835	 -0.268780	 -0.763974
 -9.886531	-10.785691	 -9.885625	-10.784204	 -0.443031	 -0.948186	 -0.258780	 -0.765050
 -9.876531	-10.787579	 -9.875625	-10.786089	 -0.433031	 -0.949516	 -0.248780	 -0.766114
 -9.866531	-10.789443	 -9.865625	-10.787950	 -0.423031	 -0.950827	 -0.238780	 -0.767170
 -9.856531	-10.791284	 -9.855625	-10.789788	 -0.413031	 -0.952119	 -0.228780	 -0.768216
 -9.846531	-10.793101	 -9.845625	-10.791603	 -0.403031	 -0.953393	 -0.218780	 -0.769253
 -9.836531	-10.794897	 -9.835625	-10.793396	 -0.393031	 -0.954650	 -0.208780	 -0.770281
 -9.826531	-10.796671	 -9.825625	-10.795167	 -0.383031	 -0.955890	 -0.198780	 -0.771302
 -9.816531	-10.798423	 -9.815625	-10.796917	 -0.373031	 -0.957114	 -0.188780	 -0.772315
 -9.806531	-10.800155	 -9.805625	-10.798647	 -0.363031	 -0.958323	 -0.178780	 -0.773322
 -9.796531	-10.801866	 -9.795625	-10.800355	 -0.353031	 -0.959517	 -0.168780	 -0.774321
 -9.786531	-10.803558	 -9.785625	-10.802044	 -0.343031	 -0.960697	 -0.158780	 -0.775314
 -9.776531	-10.805229	 -9.775625	-10.803714	 -0.333031	 -0.961863	 -0.148780	 -0.776302
 -9.766531	-10.806882	 -9.765625	-10.805364	 -0.323031	 -0.963016	 -0.138780	 -0.777284
 -9.756531	-10.808516	 -9.755625	-10.806996	 -0.313031	 -0.964156	 -0.128780	 -0.778260
 -9.746531	-10.810132	 -9.745625	-10.808609	 -0.303031	 -0.965285	 -0.118780	 -0.779232
 -9.736531	-10.811729	 -9.735625	-10.810205	 -0.293031	 -0.966401	 -0.108780	 -0.780199
 -9.726531	-10.813309	 -9.725625	-10.811783	 -0.283031	 -0.967507	 -0.098780	 -0.781163
 -9.716531	-10.814872	 -9.715625	-10.813343	 -0.273031	 -0.968601	 -0.088780	 -0.782122
 -9.706531	-10.816418	 -9.705625	-10.814887	 -0.263031	 -0.969686	 -0.078780	 -0.783079
 -9.696531	-10.817947	 -9.695625	-10.816414	 -0.253031	 -0.970760	 -0.068780	 -0.784032
 -9.686531	-10.819460	 -9.685625	-10.817925	 -0.243031	 -0.971824	 -0.058780	 -0.784982
 -9.676531	-10.820957	 -9.675625	-10.819420	 -0.233031	 -0.972879	 -0.048780	 -0.785930
 -9.666531	-10.822438	 -9.665625	-10.820900	 -0.223031	 -0.973926	 -0.038780	 -0.786876
 -9.656531	-10.823904	 -9.655625	-10.822364	 -0.213031	 -0.974964	 -0.028780	 -0.787820
 -9.646531	-10.825355	 -9.645625	-10.823813	 -0.203031	 -0.975993	 -0.018780	 -0.788763
 -9.636531	-10.826791	 -9.635625	-10.825247	 -0.193031	 -0.977015	 -0.008780	 -0.789705
 -9.626531	-10.828212	 -9.625625	-10.826666	 -0.183031	 -0.978029	 +0.001220	 -0.790647
 -9.616531	-10.829620	 -9.615625	-10.828072	 -0.173031	 -0.979036	 +0.011220	 -0.791587
 -9.606531	-10.831013	 -9.605625	-10.829463	 -0.163031	 -0.980036	 +0.021220	 -0.792528
 -9.596531	-10.832392	 -9.595625	-10.830841	 -0.153031	 -0.981030	 +0.031220	 -0.793470
 -9.586531	-10.833758	 -9.585625	-10.832205	 -0.143031	 -0.982017	 +0.041220	 -0.794412
 -9.576531	-10.835110	 -9.575625	-10.833556	 -0.133031	 -0.982998	 +0.051220	 -0.795355
 -9.566531	-10.836449	 -9.565625	-10.834893	 -0.123031	 -0.983974	 +0.061220	 -0.796300
 -9.556531	-10.837776	 -9.555625	-10.836218	 -0.113031	 -0.984944	 +0.071220	 -0.797247
 -9.546531	-10.839090	 -9.545625	-10.837531	 -0.103031	 -0.985909	 +0.081220	 -0.798196
 -9.536531	-10.840391	 -9.535625	-10.838831	 -0.093031	 -0.986869	 +0.091220	 -0.799148
 -9.526531	-10.841680	 -9.525625	-10.840118	 -0.083031	 -0.987825	 +0.101220	 -0.800104
 -9.516531	-10.842958	 -9.515625	-10.841394	 -0.073031	 -0.988776	 +0.111220	 -0.801063
 -9.506531	-10.844223	 -9.505625	-10.842658	 -0.063031	 -0.989723	 +0.121220	 -0.802026
 -9.496531	-10.845477	 -9.495625	-10.843910	 -0.053031	 -0.990667	 +0.131220	 -0.802994
 -9.486531	-10.846719	 -9.485625	-10.845151	 -0.043031	 -0.991607	 +0.141220	 -0.803967
 -9.476531	-10.847950	 -9.475625	-10.846381	 -0.033031	 -0.992544	 +0.151220	 -0.804946
 -9.466531	-10.849170	 -9.465625	-10.847599	 -0.023031	 -0.993478	 +0.161220	 -0.805932
 -9.456531	-10.850379	 -9.455625	-10.848807	 -0.013031	 -0.994409	 +0.171220	 -0.806924
 -9.446531	-10.851577	 -9.445625	-10.850004	 -0.003031	 -0.995338	 +0.181220	 -0.807925
 -9.436531	-10.852765	 -9.435625	-10.851190	 +0.006969	 -0.996265	 +0.191220	 -0.808935
 -9.426531	-10.853942	 -9.425625	-10.852366	 +0.016969	 -0.997190	 +0.201220	 -0.809954
 -9.416531	-10.855109	 -9.415625	-10.853532	 +0.026969	 -0.998114	 +0.211220	 -0.810984
 -9.406531	-10.856266	 -9.405625	-10.854688	 +0.036969	 -0.999036	 +0.221220	 -0.812026
 -9.396531	-10.857413	 -9.395625	-10.855833	 +0.046969	 -0.999958	 +0.231220	 -0.813081
 -9.386531	-10.858551	 -9.385625	-10.856970	 +0.056969	 -1.000879	 +0.241220	 -0.814152
 -9.376531	-10.859678	 -9.375625	-10.858096	 +0.066969	 -1.001800	 +0.251220	 -0.815238
 -9.366531	-10.860796	 -9.365625	-10.859213	 +0.076969	 -1.002721	 +0.261220	 -0.816344
 -9.356531	-10.861905	 -9.355625	-10.860320	 +0.086969	 -1.003642	 +0.271220	 -0.817472
 -9.346531	-10.863005	 -9.345625	-10.861419	 +0.096969	 -1.004564	 +0.281220	 -0.818626
 -9.336531	-10.864095	 -9.335625	-10.862508	 +0.106969	 -1.005487	 +0.291220	 -0.819810
 -9.326531	-10.865177	 -9.325625	-10.863589	 +0.116969	 -1.006412	 +0.301220	 -0.821034
 -9.316531	-10.866249	 -9.315625	-10.864660	 +0.126969	 -1.007339	 +0.311220	 -0.822308
 -9.306531	-10.867313	 -9.305625	-10.865723	 +0.136969	 -1.008268	 +0.321220	 -0.823653
 -9.296531	-10.868369	 -9.295625	-10.866777	 +0.146969	 -1.009200	 +0.331220	 -0.825112
 -9.286531	-10.869416	 -9.285625	-10.867823	 +0.156969	 -1.010135	 +0.341220	 -0.826784
 -9.276531	-10.870454	 -9.275625	-10.868861	 +0.166969	 -1.011074	 +0.351220	 -0.829021
 -9.266531	-10.871484	 -9.265625	-10.869890	 +0.176969	 -1.012018	 +0.361220	 -0.834550
 -9.256531	-10.872507	 -9.255625	-10.870911	 +0.186969	 -1.012966	 +0.371220	 -0.821717
 -9.246531	-10.873521	 -9.245625	-10.871924	 +0.196969	 -1.013921	 +0.381220	 -0.828396
 -9.236531	-10.874527	 -9.235625	-10.872930	 +0.206969	 -1.014882	 +0.391220	 -0.831007
 -9.226531	-10.875526	 -9.225625	-10.873927	 +0.216969	 -1.015851	 +0.401220	 -0.833166
