#omega_15	E_QP(omega)_15#	omega_16	E_QP(omega)_16#	omega_17	E_QP(omega)_17#	omega_18	E_QP(omega)_18#	omega_19	E_QP(omega)_19#	omega_20	E_QP(omega)_20#	omega_21	E_QP(omega)_21#	omega_22	E_QP(omega)_22#	omega_23	E_QP(omega)_23#	omega_24	E_QP(omega)_24#	omega_25	E_QP(omega)_25
 -1.435467	 -0.436002	 -1.384634	 -0.373596	 -1.356139	 -0.437641	 -1.356139	 -0.437636	 -1.267286	 -0.282745	 -1.267285	 -0.282745	 -1.007847	 +0.475533	 -1.007846	 +0.475523	 -0.942885	 +0.166339	 -0.910016	 +0.187372	 -0.910016	 +0.187372
 -1.425467	 -0.429512	 -1.374634	 -0.415083	 -1.346139	 -0.443369	 -1.346139	 -0.443378	 -1.257286	 -0.364637	 -1.257285	 -0.364637	 -0.997847	 +0.434995	 -0.997846	 +0.434987	 -0.932885	 +0.165652	 -0.900016	 +0.186810	 -0.900016	 +0.186810
 -1.415467	 -0.547786	 -1.364634	 -0.468150	 -1.336139	 -0.606102	 -1.336139	 -0.606107	 -1.247286	 -0.460538	 -1.247285	 -0.460540	 -0.987847	 +0.402863	 -0.987846	 +0.402856	 -0.922885	 +0.164983	 -0.890016	 +0.186265	 -0.890016	 +0.186265
 -1.405467	 -0.662738	 -1.354634	 -0.749469	 -1.326139	 -0.676509	 -1.326139	 -0.676572	 -1.237286	 -0.587332	 -1.237285	 -0.587336	 -0.977847	 +0.376676	 -0.977846	 +0.376670	 -0.912885	 +0.164333	 -0.880016	 +0.185734	 -0.880016	 +0.185734
 -1.395467	 -0.800288	 -1.344634	 -0.377866	 -1.316139	 -0.900646	 -1.316139	 -0.900652	 -1.227286	 -0.779396	 -1.227285	 -0.779405	 -0.967847	 +0.354856	 -0.967846	 +0.354851	 -0.902885	 +0.163699	 -0.870016	 +0.185218	 -0.870016	 +0.185218
 -1.385467	 -0.923322	 -1.334634	 -0.438834	 -1.306139	 -1.205613	 -1.306139	 -1.205619	 -1.217286	 -1.133677	 -1.217285	 -1.133700	 -0.957847	 +0.336343	 -0.957846	 +0.336338	 -0.892885	 +0.163081	 -0.860016	 +0.184714	 -0.860016	 +0.184715
 -1.375467	 -2.025163	 -1.324634	 -0.469981	 -1.296139	 -1.980577	 -1.296139	 -1.980580	 -1.207286	 -2.089135	 -1.207285	 -2.089234	 -0.947847	 +0.320396	 -0.947846	 +0.320393	 -0.882885	 +0.162478	 -0.850016	 +0.184224	 -0.850016	 +0.184224
 -1.365467	 -1.424756	 -1.314634	 -0.494647	 -1.286139	 +1.030341	 -1.286139	 +1.030219	 -1.197286	-11.196466	 -1.197285	-11.196691	 -0.937847	 +0.306485	 -0.937846	 +0.306482	 -0.872885	 +0.161888	 -0.840016	 +0.183744	 -0.840016	 +0.183745
 -1.355467	 -6.426754	 -1.304634	 -0.517444	 -1.276139	 -4.789582	 -1.276139	 -4.790170	 -1.187286	 +2.327428	 -1.187285	 +2.327247	 -0.927847	 +0.294218	 -0.927846	 +0.294215	 -0.862885	 +0.161312	 -0.830016	 +0.183276	 -0.830016	 +0.183276
 -1.345467	 +1.444048	 -1.294634	 -0.539276	 -1.266139	 +1.000461	 -1.266139	 +1.000281	 -1.177286	 +1.036317	 -1.177285	 +1.036273	 -0.917847	 +0.283297	 -0.917846	 +0.283294	 -0.852885	 +0.160748	 -0.820016	 +0.182817	 -0.820016	 +0.182818
 -1.335467	 +0.262198	 -1.284634	 -0.561247	 -1.256139	 -0.829485	 -1.256139	 -0.829642	 -1.167286	 +0.624331	 -1.167285	 +0.624311	 -0.907847	 +0.273495	 -0.907846	 +0.273493	 -0.842885	 +0.160195	 -0.810016	 +0.182369	 -0.810016	 +0.182369
 -1.325467	 -0.436385	 -1.274634	 -0.584308	 -1.246139	 +7.432791	 -1.246139	 +7.433250	 -1.157286	 +0.418948	 -1.157285	 +0.418937	 -0.897847	 +0.264634	 -0.897846	 +0.264632	 -0.832885	 +0.159654	 -0.800016	 +0.181929	 -0.800016	 +0.181929
 -1.315467	 +0.817894	 -1.264634	 -0.609795	 -1.236139	 +1.514871	 -1.236139	 +1.514893	 -1.147286	 +0.294284	 -1.147285	 +0.294277	 -0.887847	 +0.256572	 -0.887846	 +0.256570	 -0.822885	 +0.159123	 -0.790016	 +0.181498	 -0.790016	 +0.181498
 -1.305467	 +0.340832	 -1.254634	 -0.640532	 -1.226139	 +0.796558	 -1.226139	 +0.796573	 -1.137286	 +0.209599	 -1.137285	 +0.209594	 -0.877847	 +0.249194	 -0.877846	 +0.249193	 -0.812885	 +0.158602	 -0.780016	 +0.181075	 -0.780016	 +0.181075
 -1.295467	 +0.057623	 -1.244634	 -0.685976	 -1.216139	 +0.507158	 -1.216139	 +0.507168	 -1.127286	 +0.147712	 -1.127285	 +0.147708	 -0.867847	 +0.242409	 -0.867846	 +0.242408	 -0.802885	 +0.158091	 -0.770016	 +0.180659	 -0.770016	 +0.180659
 -1.285467	 -0.073518	 -1.234634	 -0.826677	 -1.206139	 +0.342487	 -1.206139	 +0.342494	 -1.117286	 +0.100113	 -1.117285	 +0.100110	 -0.857847	 +0.236139	 -0.857846	 +0.236138	 -0.792885	 +0.157588	 -0.760016	 +0.180250	 -0.760016	 +0.180251
 -1.275467	 -0.161918	 -1.224634	 -0.515056	 -1.196139	 +0.233271	 -1.196139	 +0.233277	 -1.107286	 +0.062098	 -1.107285	 +0.062096	 -0.847847	 +0.230321	 -0.847846	 +0.230320	 -0.782885	 +0.157094	 -0.750016	 +0.179848	 -0.750016	 +0.179849
 -1.265467	 -0.232537	 -1.214634	 -0.645940	 -1.186139	 +0.154225	 -1.186139	 +0.154230	 -1.097286	 +0.030849	 -1.097285	 +0.030848	 -0.837847	 +0.224901	 -0.837846	 +0.224900	 -0.772885	 +0.156607	 -0.740016	 +0.179453	 -0.740016	 +0.179453
 -1.255467	 -0.299877	 -1.204634	 -0.699307	 -1.176139	 +0.093679	 -1.176139	 +0.093683	 -1.087286	 +0.004575	 -1.087285	 +0.004574	 -0.827847	 +0.219834	 -0.827846	 +0.219833	 -0.762885	 +0.156128	 -0.730016	 +0.179064	 -0.730016	 +0.179064
 -1.245467	 -0.292430	 -1.194634	 -0.744186	 -1.166139	 +0.045417	 -1.166139	 +0.045420	 -1.077286	 -0.017925	 -1.077285	 -0.017925	 -0.817847	 +0.215083	 -0.817846	 +0.215082	 -0.752885	 +0.155657	 -0.720016	 +0.178680	 -0.720016	 +0.178680
 -1.235467	 -0.395162	 -1.184634	 -0.790266	 -1.156139	 +0.005791	 -1.156139	 +0.005794	 -1.067286	 -0.037482	 -1.067285	 -0.037482	 -0.807847	 +0.210613	 -0.807846	 +0.210613	 -0.742885	 +0.155192	 -0.710016	 +0.178301	 -0.710016	 +0.178302
 -1.225467	 -0.430671	 -1.174634	 -0.841711	 -1.146139	 -0.027498	 -1.146139	 -0.027496	 -1.057286	 -0.054695	 -1.057285	 -0.054695	 -0.797847	 +0.206397	 -0.797846	 +0.206397	 -0.732885	 +0.154733	 -0.700016	 +0.177928	 -0.700016	 +0.177928
 -1.215467	 -0.512296	 -1.164634	 -0.902098	 -1.136139	 -0.055978	 -1.136139	 -0.055976	 -1.047286	 -0.070004	 -1.047285	 -0.070004	 -0.787847	 +0.202410	 -0.787846	 +0.202410	 -0.722885	 +0.154281	 -0.690016	 +0.177559	 -0.690016	 +0.177560
 -1.205467	 -0.612587	 -1.154634	 -0.975918	 -1.126139	 -0.080709	 -1.126139	 -0.080707	 -1.037286	 -0.083744	 -1.037285	 -0.083743	 -0.777847	 +0.198631	 -0.777846	 +0.198631	 -0.712885	 +0.153834	 -0.680016	 +0.177195	 -0.680016	 +0.177196
 -1.195467	 -0.765125	 -1.144634	 -1.069918	 -1.116139	 -0.102450	 -1.116139	 -0.102448	 -1.027286	 -0.096170	 -1.027285	 -0.096170	 -0.767847	 +0.195040	 -0.767846	 +0.195040	 -0.702885	 +0.153393	 -0.670016	 +0.176835	 -0.670016	 +0.176836
 -1.185467	 -1.066351	 -1.134634	 -1.195412	 -1.106139	 -0.121762	 -1.106139	 -0.121761	 -1.017286	 -0.107485	 -1.017285	 -0.107485	 -0.757847	 +0.191622	 -0.757846	 +0.191621	 -0.692885	 +0.152957	 -0.660016	 +0.176480	 -0.660016	 +0.176480
 -1.175467	 -2.085110	 -1.124634	 -1.373413	 -1.096139	 -0.139072	 -1.096139	 -0.139070	 -1.007286	 -0.117850	 -1.007285	 -0.117849	 -0.747847	 +0.188360	 -0.747846	 +0.188360	 -0.682885	 +0.152526	 -0.650016	 +0.176128	 -0.650016	 +0.176128
 -1.165467	 +4.901142	 -1.114634	 -1.648250	 -1.086139	 -0.154705	 -1.086139	 -0.154703	 -0.997286	 -0.127394	 -0.997285	 -0.127393	 -0.737847	 +0.185243	 -0.737846	 +0.185243	 -0.672885	 +0.152100	 -0.640016	 +0.175779	 -0.640016	 +0.175780
 -1.155467	 +0.833985	 -1.104634	 -2.132697	 -1.076139	 -0.168919	 -1.076139	 -0.168918	 -0.987286	 -0.136223	 -0.987285	 -0.136222	 -0.727847	 +0.182259	 -0.727846	 +0.182259	 -0.662885	 +0.151678	 -0.630016	 +0.175434	 -0.630016	 +0.175435
 -1.145467	 +0.313393	 -1.094634	 -3.222863	 -1.066139	 -0.181919	 -1.066139	 -0.181918	 -0.977286	 -0.144425	 -0.977285	 -0.144424	 -0.717847	 +0.179397	 -0.717846	 +0.179397	 -0.652885	 +0.151260	 -0.620016	 +0.175092	 -0.620016	 +0.175093
 -1.135467	 +0.108163	 -1.084634	 -7.921462	 -1.056139	 -0.193871	 -1.056139	 -0.193870	 -0.967286	 -0.152074	 -0.967285	 -0.152073	 -0.707847	 +0.176649	 -0.707846	 +0.176649	 -0.642885	 +0.150847	 -0.610016	 +0.174753	 -0.610016	 +0.174754
 -1.125467	 -0.004056	 -1.074634	 +9.459610	 -1.046139	 -0.204911	 -1.046139	 -0.204911	 -0.957286	 -0.159231	 -0.957285	 -0.159230	 -0.697847	 +0.174004	 -0.697846	 +0.174004	 -0.632885	 +0.150437	 -0.600016	 +0.174417	 -0.600016	 +0.174418
 -1.115467	 -0.076206	 -1.064634	 +2.675054	 -1.036139	 -0.215152	 -1.036139	 -0.215151	 -0.947286	 -0.165949	 -0.947285	 -0.165949	 -0.687847	 +0.171457	 -0.687846	 +0.171457	 -0.622885	 +0.150030	 -0.590016	 +0.174084	 -0.590016	 +0.174084
 -1.105467	 -0.127340	 -1.054634	 +1.400996	 -1.026139	 -0.224686	 -1.026139	 -0.224685	 -0.937286	 -0.172273	 -0.937285	 -0.172273	 -0.677847	 +0.169000	 -0.677846	 +0.169000	 -0.612885	 +0.149627	 -0.580016	 +0.173753	 -0.580016	 +0.173753
 -1.095467	 -0.166008	 -1.044634	 +0.866198	 -1.016139	 -0.233593	 -1.016139	 -0.233593	 -0.927286	 -0.178242	 -0.927285	 -0.178241	 -0.667847	 +0.166627	 -0.667846	 +0.166627	 -0.602885	 +0.149227	 -0.570016	 +0.173424	 -0.570016	 +0.173424
 -1.085467	 -0.196628	 -1.034634	 +0.571486	 -1.006139	 -0.241941	 -1.006139	 -0.241940	 -0.917286	 -0.183889	 -0.917285	 -0.183888	 -0.657847	 +0.164331	 -0.657846	 +0.164332	 -0.592885	 +0.148829	 -0.560016	 +0.173097	 -0.560016	 +0.173098
 -1.075467	 -0.221718	 -1.024634	 +0.384437	 -0.996139	 -0.249786	 -0.996139	 -0.249786	 -0.907286	 -0.189244	 -0.907285	 -0.189243	 -0.647847	 +0.162109	 -0.647846	 +0.162109	 -0.582885	 +0.148435	 -0.550016	 +0.172773	 -0.550016	 +0.172773
 -1.065467	 -0.242823	 -1.014634	 +0.254893	 -0.986139	 -0.257179	 -0.986139	 -0.257178	 -0.897286	 -0.194331	 -0.897285	 -0.194331	 -0.637847	 +0.159955	 -0.637846	 +0.159955	 -0.572885	 +0.148043	 -0.540016	 +0.172450	 -0.540016	 +0.172450
 -1.055467	 -0.260947	 -1.004634	 +0.159674	 -0.976139	 -0.264162	 -0.976139	 -0.264161	 -0.887286	 -0.199175	 -0.887285	 -0.199174	 -0.627847	 +0.157865	 -0.627846	 +0.157865	 -0.562885	 +0.147654	 -0.530016	 +0.172128	 -0.530016	 +0.172129
 -1.045467	 -0.276769	 -0.994634	 +0.086591	 -0.966139	 -0.270772	 -0.966139	 -0.270771	 -0.877286	 -0.203795	 -0.877285	 -0.203794	 -0.617847	 +0.155835	 -0.617846	 +0.155835	 -0.552885	 +0.147266	 -0.520016	 +0.171809	 -0.520016	 +0.171809
 -1.035467	 -0.290772	 -0.984634	 +0.028622	 -0.956139	 -0.277043	 -0.956139	 -0.277042	 -0.867286	 -0.208209	 -0.867285	 -0.208208	 -0.607847	 +0.153860	 -0.607846	 +0.153860	 -0.542885	 +0.146881	 -0.510016	 +0.171491	 -0.510016	 +0.171491
 -1.025467	 -0.303303	 -0.974634	 -0.018564	 -0.946139	 -0.283003	 -0.946139	 -0.283002	 -0.857286	 -0.212432	 -0.857285	 -0.212431	 -0.597847	 +0.151938	 -0.597846	 +0.151939	 -0.532885	 +0.146498	 -0.500016	 +0.171174	 -0.500016	 +0.171174
 -1.015467	 -0.314624	 -0.964634	 -0.057784	 -0.936139	 -0.288678	 -0.936139	 -0.288677	 -0.847286	 -0.216480	 -0.847285	 -0.216479	 -0.587847	 +0.150066	 -0.587846	 +0.150066	 -0.522885	 +0.146116	 -0.490016	 +0.170858	 -0.490016	 +0.170858
 -1.005467	 -0.324934	 -0.954634	 -0.090949	 -0.926139	 -0.294090	 -0.926139	 -0.294090	 -0.837286	 -0.220364	 -0.837285	 -0.220363	 -0.577847	 +0.148241	 -0.577846	 +0.148241	 -0.512885	 +0.145736	 -0.480016	 +0.170543	 -0.480016	 +0.170543
 -0.995467	 -0.334387	 -0.944634	 -0.119402	 -0.916139	 -0.299261	 -0.916139	 -0.299260	 -0.827286	 -0.224097	 -0.827285	 -0.224096	 -0.567847	 +0.146459	 -0.567846	 +0.146459	 -0.502885	 +0.145358	 -0.470016	 +0.170229	 -0.470016	 +0.170230
 -0.985467	 -0.343108	 -0.934634	 -0.144115	 -0.906139	 -0.304207	 -0.906139	 -0.304207	 -0.817286	 -0.227690	 -0.817285	 -0.227689	 -0.557847	 +0.144718	 -0.557846	 +0.144718	 -0.492885	 +0.144980	 -0.460016	 +0.169916	 -0.460016	 +0.169917
 -0.975467	 -0.351195	 -0.924634	 -0.165807	 -0.896139	 -0.308946	 -0.896139	 -0.308945	 -0.807286	 -0.231150	 -0.807285	 -0.231149	 -0.547847	 +0.143017	 -0.547846	 +0.143017	 -0.482885	 +0.144604	 -0.450016	 +0.169604	 -0.450016	 +0.169604
 -0.965467	 -0.358728	 -0.914634	 -0.185023	 -0.886139	 -0.313491	 -0.886139	 -0.313491	 -0.797286	 -0.234488	 -0.797285	 -0.234487	 -0.537847	 +0.141352	 -0.537846	 +0.141352	 -0.472885	 +0.144229	 -0.440016	 +0.169292	 -0.440016	 +0.169292
 -0.955467	 -0.365773	 -0.904634	 -0.202185	 -0.876139	 -0.317857	 -0.876139	 -0.317857	 -0.787286	 -0.237711	 -0.787285	 -0.237710	 -0.527847	 +0.139721	 -0.527846	 +0.139722	 -0.462885	 +0.143855	 -0.430016	 +0.168981	 -0.430016	 +0.168981
 -0.945467	 -0.372387	 -0.894634	 -0.217622	 -0.866139	 -0.322055	 -0.866139	 -0.322055	 -0.777286	 -0.240827	 -0.777285	 -0.240826	 -0.517847	 +0.138124	 -0.517846	 +0.138124	 -0.452885	 +0.143482	 -0.420016	 +0.168670	 -0.420016	 +0.168670
 -0.935467	 -0.378615	 -0.884634	 -0.231596	 -0.856139	 -0.326097	 -0.856139	 -0.326096	 -0.767286	 -0.243841	 -0.767285	 -0.243840	 -0.507847	 +0.136557	 -0.507846	 +0.136558	 -0.442885	 +0.143110	 -0.410016	 +0.168359	 -0.410016	 +0.168359
 -0.925467	 -0.384498	 -0.874634	 -0.244318	 -0.846139	 -0.329991	 -0.846139	 -0.329991	 -0.757286	 -0.246761	 -0.757285	 -0.246759	 -0.497847	 +0.135020	 -0.497846	 +0.135021	 -0.432885	 +0.142738	 -0.400016	 +0.168048	 -0.400016	 +0.168049
 -0.915467	 -0.390069	 -0.864634	 -0.255960	 -0.836139	 -0.333748	 -0.836139	 -0.333748	 -0.747286	 -0.249591	 -0.747285	 -0.249590	 -0.487847	 +0.133510	 -0.487846	 +0.133511	 -0.422885	 +0.142366	 -0.390016	 +0.167738	 -0.390016	 +0.167738
 -0.905467	 -0.395358	 -0.854634	 -0.266663	 -0.826139	 -0.337376	 -0.826139	 -0.337375	 -0.737286	 -0.252337	 -0.737285	 -0.252336	 -0.477847	 +0.132027	 -0.477846	 +0.132027	 -0.412885	 +0.141995	 -0.380016	 +0.167427	 -0.380016	 +0.167428
 -0.895467	 -0.400390	 -0.844634	 -0.276545	 -0.816139	 -0.340882	 -0.816139	 -0.340881	 -0.727286	 -0.255004	 -0.727285	 -0.255003	 -0.467847	 +0.130568	 -0.467846	 +0.130568	 -0.402885	 +0.141624	 -0.370016	 +0.167116	 -0.370016	 +0.167117
 -0.885467	 -0.405186	 -0.834634	 -0.285705	 -0.806139	 -0.344273	 -0.806139	 -0.344273	 -0.717286	 -0.257596	 -0.717285	 -0.257595	 -0.457847	 +0.129132	 -0.457846	 +0.129133	 -0.392885	 +0.141253	 -0.360016	 +0.166805	 -0.360016	 +0.166806
 -0.875467	 -0.409768	 -0.824634	 -0.294225	 -0.796139	 -0.347556	 -0.796139	 -0.347556	 -0.707286	 -0.260117	 -0.707285	 -0.260116	 -0.447847	 +0.127719	 -0.447846	 +0.127719	 -0.382885	 +0.140882	 -0.350016	 +0.166494	 -0.350016	 +0.166494
 -0.865467	 -0.414152	 -0.814634	 -0.302176	 -0.786139	 -0.350738	 -0.786139	 -0.350737	 -0.697286	 -0.262572	 -0.697285	 -0.262571	 -0.437847	 +0.126326	 -0.437846	 +0.126327	 -0.372885	 +0.140510	 -0.340016	 +0.166182	 -0.340016	 +0.166182
 -0.855467	 -0.418352	 -0.804634	 -0.309619	 -0.776139	 -0.353823	 -0.776139	 -0.353822	 -0.687286	 -0.264963	 -0.687285	 -0.264962	 -0.427847	 +0.124954	 -0.427846	 +0.124954	 -0.362885	 +0.140139	 -0.330016	 +0.165870	 -0.330016	 +0.165870
 -0.845467	 -0.422384	 -0.794634	 -0.316605	 -0.766139	 -0.356816	 -0.766139	 -0.356816	 -0.677286	 -0.267295	 -0.677285	 -0.267294	 -0.417847	 +0.123599	 -0.417846	 +0.123600	 -0.352885	 +0.139767	 -0.320016	 +0.165557	 -0.320016	 +0.165557
 -0.835467	 -0.426258	 -0.784634	 -0.323180	 -0.756139	 -0.359723	 -0.756139	 -0.359723	 -0.667286	 -0.269569	 -0.667285	 -0.269568	 -0.407847	 +0.122263	 -0.407846	 +0.122263	 -0.342885	 +0.139395	 -0.310016	 +0.165243	 -0.310016	 +0.165243
 -0.825467	 -0.429987	 -0.774634	 -0.329383	 -0.746139	 -0.362548	 -0.746139	 -0.362548	 -0.657286	 -0.271790	 -0.657285	 -0.271789	 -0.397847	 +0.120943	 -0.397846	 +0.120943	 -0.332885	 +0.139022	 -0.300016	 +0.164928	 -0.300016	 +0.164928
 -0.815467	 -0.433580	 -0.764634	 -0.335248	 -0.736139	 -0.365295	 -0.736139	 -0.365295	 -0.647286	 -0.273960	 -0.647285	 -0.273958	 -0.387847	 +0.119638	 -0.387846	 +0.119639	 -0.322885	 +0.138648	 -0.290016	 +0.164612	 -0.290016	 +0.164613
 -0.805467	 -0.437045	 -0.754634	 -0.340806	 -0.726139	 -0.367968	 -0.726139	 -0.367968	 -0.637286	 -0.276080	 -0.637285	 -0.276079	 -0.377847	 +0.118349	 -0.377846	 +0.118349	 -0.312885	 +0.138273	 -0.280016	 +0.164296	 -0.280016	 +0.164296
 -0.795467	 -0.440392	 -0.744634	 -0.346083	 -0.716139	 -0.370571	 -0.716139	 -0.370570	 -0.627286	 -0.278155	 -0.627285	 -0.278154	 -0.367847	 +0.117073	 -0.367846	 +0.117074	 -0.302885	 +0.137898	 -0.270016	 +0.163978	 -0.270016	 +0.163978
 -0.785467	 -0.443626	 -0.734634	 -0.351102	 -0.706139	 -0.373106	 -0.706139	 -0.373106	 -0.617286	 -0.280186	 -0.617285	 -0.280185	 -0.357847	 +0.115811	 -0.357846	 +0.115811	 -0.292885	 +0.137521	 -0.260016	 +0.163659	 -0.260016	 +0.163659
 -0.775467	 -0.446756	 -0.724634	 -0.355885	 -0.696139	 -0.375578	 -0.696139	 -0.375578	 -0.607286	 -0.282175	 -0.607285	 -0.282174	 -0.347847	 +0.114561	 -0.347846	 +0.114561	 -0.282885	 +0.137144	 -0.250016	 +0.163338	 -0.250016	 +0.163338
 -0.765467	 -0.449788	 -0.714634	 -0.360451	 -0.686139	 -0.377989	 -0.686139	 -0.377988	 -0.597286	 -0.284125	 -0.597285	 -0.284123	 -0.337847	 +0.113322	 -0.337846	 +0.113323	 -0.272885	 +0.136765	 -0.240016	 +0.163016	 -0.240016	 +0.163017
 -0.755467	 -0.452726	 -0.704634	 -0.364816	 -0.676139	 -0.380341	 -0.676139	 -0.380341	 -0.587286	 -0.286036	 -0.587285	 -0.286035	 -0.327847	 +0.112094	 -0.327846	 +0.112095	 -0.262885	 +0.136384	 -0.230016	 +0.162693	 -0.230016	 +0.162693
 -0.745467	 -0.455577	 -0.694634	 -0.368995	 -0.666139	 -0.382639	 -0.666139	 -0.382638	 -0.577286	 -0.287912	 -0.577285	 -0.287911	 -0.317847	 +0.110877	 -0.317846	 +0.110877	 -0.252885	 +0.136002	 -0.220016	 +0.162368	 -0.220016	 +0.162368
 -0.735467	 -0.458345	 -0.684634	 -0.373001	 -0.656139	 -0.384883	 -0.656139	 -0.384883	 -0.567286	 -0.289753	 -0.567285	 -0.289752	 -0.307847	 +0.109668	 -0.307846	 +0.109669	 -0.242885	 +0.135619	 -0.210016	 +0.162041	 -0.210016	 +0.162041
 -0.725467	 -0.461035	 -0.674634	 -0.376848	 -0.646139	 -0.387077	 -0.646139	 -0.387076	 -0.557286	 -0.291562	 -0.557285	 -0.291560	 -0.297847	 +0.108469	 -0.297846	 +0.108470	 -0.232885	 +0.135234	 -0.200016	 +0.161713	 -0.200016	 +0.161713
 -0.715467	 -0.463650	 -0.664634	 -0.380547	 -0.636139	 -0.389222	 -0.636139	 -0.389221	 -0.547286	 -0.293339	 -0.547285	 -0.293338	 -0.287847	 +0.107278	 -0.287846	 +0.107278	 -0.222885	 +0.134847	 -0.190016	 +0.161382	 -0.190016	 +0.161382
 -0.705467	 -0.466195	 -0.654634	 -0.384106	 -0.626139	 -0.391320	 -0.626139	 -0.391320	 -0.537286	 -0.295087	 -0.537285	 -0.295086	 -0.277847	 +0.106094	 -0.277846	 +0.106095	 -0.212885	 +0.134458	 -0.180016	 +0.161049	 -0.180016	 +0.161050
 -0.695467	 -0.468673	 -0.644634	 -0.387537	 -0.616139	 -0.393375	 -0.616139	 -0.393375	 -0.527286	 -0.296806	 -0.527285	 -0.296805	 -0.267847	 +0.104917	 -0.267846	 +0.104918	 -0.202885	 +0.134067	 -0.170016	 +0.160715	 -0.170016	 +0.160715
 -0.685467	 -0.471088	 -0.634634	 -0.390846	 -0.606139	 -0.395387	 -0.606139	 -0.395387	 -0.517286	 -0.298499	 -0.517285	 -0.298497	 -0.257847	 +0.103747	 -0.257846	 +0.103748	 -0.192885	 +0.133674	 -0.160016	 +0.160378	 -0.160016	 +0.160378
 -0.675467	 -0.473442	 -0.624634	 -0.394042	 -0.596139	 -0.397358	 -0.596139	 -0.397358	 -0.507286	 -0.300165	 -0.507285	 -0.300164	 -0.247847	 +0.102583	 -0.247846	 +0.102583	 -0.182885	 +0.133278	 -0.150016	 +0.160039	 -0.150016	 +0.160039
 -0.665467	 -0.475739	 -0.614634	 -0.397132	 -0.586139	 -0.399290	 -0.586139	 -0.399290	 -0.497286	 -0.301808	 -0.497285	 -0.301807	 -0.237847	 +0.101423	 -0.237846	 +0.101424	 -0.172885	 +0.132880	 -0.140016	 +0.159697	 -0.140016	 +0.159697
 -0.655467	 -0.477981	 -0.604634	 -0.400122	 -0.576139	 -0.401184	 -0.576139	 -0.401184	 -0.487286	 -0.303427	 -0.487285	 -0.303425	 -0.227847	 +0.100269	 -0.227846	 +0.100270	 -0.162885	 +0.132480	 -0.130016	 +0.159352	 -0.130016	 +0.159353
 -0.645467	 -0.480171	 -0.594634	 -0.403019	 -0.566139	 -0.403043	 -0.566139	 -0.403042	 -0.477286	 -0.305023	 -0.477285	 -0.305022	 -0.217847	 +0.099119	 -0.217846	 +0.099119	 -0.152885	 +0.132077	 -0.120016	 +0.159005	 -0.120016	 +0.159006
 -0.635467	 -0.482310	 -0.584634	 -0.405827	 -0.556139	 -0.404867	 -0.556139	 -0.404866	 -0.467286	 -0.306599	 -0.467285	 -0.306598	 -0.207847	 +0.097972	 -0.207846	 +0.097973	 -0.142885	 +0.131671	 -0.110016	 +0.158656	 -0.110016	 +0.158656
 -0.625467	 -0.484402	 -0.574634	 -0.408552	 -0.546139	 -0.406657	 -0.546139	 -0.406657	 -0.457286	 -0.308154	 -0.457285	 -0.308153	 -0.197847	 +0.096829	 -0.197846	 +0.096830	 -0.132885	 +0.131262	 -0.100016	 +0.158303	 -0.100016	 +0.158303
 -0.615467	 -0.486449	 -0.564634	 -0.411199	 -0.536139	 -0.408416	 -0.536139	 -0.408416	 -0.447286	 -0.309690	 -0.447285	 -0.309689	 -0.187847	 +0.095689	 -0.187846	 +0.095689	 -0.122885	 +0.130850	 -0.090016	 +0.157947	 -0.090016	 +0.157947
 -0.605467	 -0.488452	 -0.554634	 -0.413772	 -0.526139	 -0.410144	 -0.526139	 -0.410144	 -0.437286	 -0.311208	 -0.437285	 -0.311207	 -0.177847	 +0.094550	 -0.177846	 +0.094551	 -0.112885	 +0.130435	 -0.080016	 +0.157588	 -0.080016	 +0.157588
 -0.595467	 -0.490414	 -0.544634	 -0.416274	 -0.516139	 -0.411842	 -0.516139	 -0.411842	 -0.427286	 -0.312709	 -0.427285	 -0.312708	 -0.167847	 +0.093414	 -0.167846	 +0.093415	 -0.102885	 +0.130017	 -0.070016	 +0.157226	 -0.070016	 +0.157226
 -0.585467	 -0.492335	 -0.534634	 -0.418711	 -0.506139	 -0.413513	 -0.506139	 -0.413512	 -0.417286	 -0.314193	 -0.417285	 -0.314192	 -0.157847	 +0.092279	 -0.157846	 +0.092279	 -0.092885	 +0.129595	 -0.060016	 +0.156860	 -0.060016	 +0.156861
 -0.575467	 -0.494219	 -0.524634	 -0.421085	 -0.496139	 -0.415156	 -0.496139	 -0.415155	 -0.407286	 -0.315662	 -0.407285	 -0.315660	 -0.147847	 +0.091144	 -0.147846	 +0.091145	 -0.082885	 +0.129170	 -0.050016	 +0.156491	 -0.050016	 +0.156491
 -0.565467	 -0.496065	 -0.514634	 -0.423400	 -0.486139	 -0.416772	 -0.486139	 -0.416772	 -0.397286	 -0.317115	 -0.397285	 -0.317114	 -0.137847	 +0.090011	 -0.137846	 +0.090011	 -0.072885	 +0.128741	 -0.040016	 +0.156118	 -0.040016	 +0.156119
 -0.555467	 -0.497877	 -0.504634	 -0.425658	 -0.476139	 -0.418364	 -0.476139	 -0.418363	 -0.387286	 -0.318555	 -0.387285	 -0.318554	 -0.127847	 +0.088877	 -0.127846	 +0.088877	 -0.062885	 +0.128308	 -0.030016	 +0.155742	 -0.030016	 +0.155742
 -0.545467	 -0.499655	 -0.494634	 -0.427863	 -0.466139	 -0.419931	 -0.466139	 -0.419930	 -0.377286	 -0.319981	 -0.377285	 -0.319980	 -0.117847	 +0.087742	 -0.117846	 +0.087743	 -0.052885	 +0.127871	 -0.020016	 +0.155361	 -0.020016	 +0.155361
 -0.535467	 -0.501401	 -0.484634	 -0.430017	 -0.456139	 -0.421474	 -0.456139	 -0.421474	 -0.367286	 -0.321395	 -0.367285	 -0.321394	 -0.107847	 +0.086607	 -0.107846	 +0.086608	 -0.042885	 +0.127430	 -0.010016	 +0.154976	 -0.010016	 +0.154976
 -0.525467	 -0.503116	 -0.474634	 -0.432123	 -0.446139	 -0.422995	 -0.446139	 -0.422995	 -0.357286	 -0.322797	 -0.357285	 -0.322795	 -0.097847	 +0.085470	 -0.097846	 +0.085471	 -0.032885	 +0.126984	 -0.000016	 +0.154587	 -0.000016	 +0.154587
 -0.515467	 -0.504801	 -0.464634	 -0.434184	 -0.436139	 -0.424495	 -0.436139	 -0.424494	 -0.347286	 -0.324187	 -0.347285	 -0.324186	 -0.087847	 +0.084332	 -0.087846	 +0.084332	 -0.022885	 +0.126534	 +0.009984	 +0.154194	 +0.009984	 +0.154194
 -0.505467	 -0.506457	 -0.454634	 -0.436201	 -0.426139	 -0.425973	 -0.426139	 -0.425973	 -0.337286	 -0.325568	 -0.337285	 -0.325566	 -0.077847	 +0.083191	 -0.077846	 +0.083191	 -0.012885	 +0.126080	 +0.019984	 +0.153796	 +0.019984	 +0.153796
 -0.495467	 -0.508086	 -0.444634	 -0.438176	 -0.416139	 -0.427431	 -0.416139	 -0.427431	 -0.327286	 -0.326938	 -0.327285	 -0.326937	 -0.067847	 +0.082047	 -0.067846	 +0.082048	 -0.002885	 +0.125620	 +0.029984	 +0.153393	 +0.029984	 +0.153393
 -0.485467	 -0.509688	 -0.434634	 -0.440112	 -0.406139	 -0.428870	 -0.406139	 -0.428870	 -0.317286	 -0.328299	 -0.317285	 -0.328298	 -0.057847	 +0.080901	 -0.057846	 +0.080901	 +0.007115	 +0.125156	 +0.039984	 +0.152985	 +0.039984	 +0.152986
 -0.475467	 -0.511265	 -0.424634	 -0.442011	 -0.396139	 -0.430290	 -0.396139	 -0.430290	 -0.307286	 -0.329652	 -0.307285	 -0.329651	 -0.047847	 +0.079750	 -0.047846	 +0.079751	 +0.017115	 +0.124686	 +0.049984	 +0.152572	 +0.049984	 +0.152573
 -0.465467	 -0.512817	 -0.414634	 -0.443873	 -0.386139	 -0.431692	 -0.386139	 -0.431692	 -0.297286	 -0.330997	 -0.297285	 -0.330995	 -0.037847	 +0.078596	 -0.037846	 +0.078597	 +0.027115	 +0.124211	 +0.059984	 +0.152154	 +0.059984	 +0.152155
 -0.455467	 -0.514346	 -0.404634	 -0.445702	 -0.376139	 -0.433077	 -0.376139	 -0.433077	 -0.287286	 -0.332334	 -0.287285	 -0.332333	 -0.027847	 +0.077437	 -0.027846	 +0.077438	 +0.037115	 +0.123731	 +0.069984	 +0.151731	 +0.069984	 +0.151731
 -0.445467	 -0.515852	 -0.394634	 -0.447499	 -0.366139	 -0.434445	 -0.366139	 -0.434445	 -0.277286	 -0.333665	 -0.277285	 -0.333663	 -0.017847	 +0.076274	 -0.017846	 +0.076274	 +0.047115	 +0.123245	 +0.079984	 +0.151302	 +0.079984	 +0.151302
 -0.435467	 -0.517337	 -0.384634	 -0.449264	 -0.356139	 -0.435797	 -0.356139	 -0.435797	 -0.267286	 -0.334989	 -0.267285	 -0.334988	 -0.007847	 +0.075105	 -0.007846	 +0.075105	 +0.057115	 +0.122752	 +0.089984	 +0.150867	 +0.089984	 +0.150867
 -0.425467	 -0.518800	 -0.374634	 -0.451000	 -0.346139	 -0.437134	 -0.346139	 -0.437134	 -0.257286	 -0.336308	 -0.257285	 -0.336306	 +0.002153	 +0.073930	 +0.002154	 +0.073930	 +0.067115	 +0.122254	 +0.099984	 +0.150426	 +0.099984	 +0.150426
 -0.415467	 -0.520244	 -0.364634	 -0.452708	 -0.336139	 -0.438456	 -0.336139	 -0.438456	 -0.247286	 -0.337621	 -0.247285	 -0.337620	 +0.012153	 +0.072748	 +0.012154	 +0.072749	 +0.077115	 +0.121749	 +0.109984	 +0.149979	 +0.109984	 +0.149979
 -0.405467	 -0.521667	 -0.354634	 -0.454389	 -0.326139	 -0.439763	 -0.326139	 -0.439763	 -0.237286	 -0.338930	 -0.237285	 -0.338929	 +0.022153	 +0.071561	 +0.022154	 +0.071561	 +0.087115	 +0.121237	 +0.119984	 +0.149525	 +0.119984	 +0.149525
 -0.395467	 -0.523072	 -0.344634	 -0.456044	 -0.316139	 -0.441056	 -0.316139	 -0.441056	 -0.227286	 -0.340236	 -0.227285	 -0.340234	 +0.032153	 +0.070365	 +0.032154	 +0.070366	 +0.097115	 +0.120719	 +0.129984	 +0.149064	 +0.129984	 +0.149064
 -0.385467	 -0.524460	 -0.334634	 -0.457675	 -0.306139	 -0.442337	 -0.306139	 -0.442336	 -0.217286	 -0.341537	 -0.217285	 -0.341536	 +0.042153	 +0.069162	 +0.042154	 +0.069163	 +0.107115	 +0.120194	 +0.139984	 +0.148597	 +0.139984	 +0.148597
 -0.375467	 -0.525829	 -0.324634	 -0.459283	 -0.296139	 -0.443604	 -0.296139	 -0.443604	 -0.207286	 -0.342836	 -0.207285	 -0.342835	 +0.052153	 +0.067951	 +0.052154	 +0.067952	 +0.117115	 +0.119661	 +0.149984	 +0.148122	 +0.149984	 +0.148122
 -0.365467	 -0.527182	 -0.314634	 -0.460868	 -0.286139	 -0.444859	 -0.286139	 -0.444859	 -0.197286	 -0.344133	 -0.197285	 -0.344132	 +0.062153	 +0.066732	 +0.062154	 +0.066732	 +0.127115	 +0.119120	 +0.159984	 +0.147639	 +0.159984	 +0.147640
 -0.355467	 -0.528519	 -0.304634	 -0.462433	 -0.276139	 -0.446102	 -0.276139	 -0.446102	 -0.187286	 -0.345427	 -0.187285	 -0.345426	 +0.072153	 +0.065502	 +0.072154	 +0.065503	 +0.137115	 +0.118572	 +0.169984	 +0.147149	 +0.169984	 +0.147150
 -0.345467	 -0.529841	 -0.294634	 -0.463977	 -0.266139	 -0.447334	 -0.266139	 -0.447334	 -0.177286	 -0.346721	 -0.177285	 -0.346719	 +0.082153	 +0.064264	 +0.082154	 +0.064264	 +0.147115	 +0.118016	 +0.179984	 +0.146651	 +0.179984	 +0.146652
 -0.335467	 -0.531147	 -0.284634	 -0.465502	 -0.256139	 -0.448555	 -0.256139	 -0.448555	 -0.167286	 -0.348013	 -0.167285	 -0.348012	 +0.092153	 +0.063015	 +0.092154	 +0.063015	 +0.157115	 +0.117451	 +0.189984	 +0.146145	 +0.189984	 +0.146145
 -0.325467	 -0.532440	 -0.274634	 -0.467009	 -0.246139	 -0.449766	 -0.246139	 -0.449765	 -0.157286	 -0.349305	 -0.157285	 -0.349304	 +0.102153	 +0.061755	 +0.102154	 +0.061755	 +0.167115	 +0.116877	 +0.199984	 +0.145629	 +0.199984	 +0.145630
 -0.315467	 -0.533718	 -0.264634	 -0.468499	 -0.236139	 -0.450966	 -0.236139	 -0.450966	 -0.147286	 -0.350598	 -0.147285	 -0.350597	 +0.112153	 +0.060483	 +0.112154	 +0.060484	 +0.177115	 +0.116294	 +0.209984	 +0.145105	 +0.209984	 +0.145106
 -0.305467	 -0.534983	 -0.254634	 -0.469972	 -0.226139	 -0.452157	 -0.226139	 -0.452157	 -0.137286	 -0.351891	 -0.137285	 -0.351890	 +0.122153	 +0.059200	 +0.122154	 +0.059201	 +0.187115	 +0.115702	 +0.219984	 +0.144572	 +0.219984	 +0.144572
 -0.295467	 -0.536236	 -0.244634	 -0.471429	 -0.216139	 -0.453339	 -0.216139	 -0.453338	 -0.127286	 -0.353186	 -0.127285	 -0.353184	 +0.132153	 +0.057904	 +0.132154	 +0.057905	 +0.197115	 +0.115100	 +0.229984	 +0.144028	 +0.229984	 +0.144029
 -0.285467	 -0.537476	 -0.234634	 -0.472871	 -0.206139	 -0.454511	 -0.206139	 -0.454511	 -0.117286	 -0.354482	 -0.117285	 -0.354481	 +0.142153	 +0.056595	 +0.142154	 +0.056596	 +0.207115	 +0.114487	 +0.239984	 +0.143475	 +0.239984	 +0.143475
 -0.275467	 -0.538704	 -0.224634	 -0.474299	 -0.196139	 -0.455676	 -0.196139	 -0.455676	 -0.107286	 -0.355780	 -0.107285	 -0.355779	 +0.152153	 +0.055273	 +0.152154	 +0.055273	 +0.217115	 +0.113864	 +0.249984	 +0.142911	 +0.249984	 +0.142911
 -0.265467	 -0.539921	 -0.214634	 -0.475714	 -0.186139	 -0.456832	 -0.186139	 -0.456832	 -0.097286	 -0.357082	 -0.097285	 -0.357081	 +0.162153	 +0.053936	 +0.162154	 +0.053936	 +0.227115	 +0.113231	 +0.259984	 +0.142336	 +0.259984	 +0.142336
 -0.255467	 -0.541127	 -0.204634	 -0.477116	 -0.176139	 -0.457981	 -0.176139	 -0.457981	 -0.087286	 -0.358387	 -0.087285	 -0.358386	 +0.172153	 +0.052583	 +0.172154	 +0.052584	 +0.237115	 +0.112586	 +0.269984	 +0.141750	 +0.269984	 +0.141750
 -0.245467	 -0.542323	 -0.194634	 -0.478506	 -0.166139	 -0.459122	 -0.166139	 -0.459122	 -0.077286	 -0.359696	 -0.077285	 -0.359695	 +0.182153	 +0.051215	 +0.182154	 +0.051216	 +0.247115	 +0.111929	 +0.279984	 +0.141152	 +0.279984	 +0.141152
 -0.235467	 -0.543509	 -0.184634	 -0.479885	 -0.156139	 -0.460256	 -0.156139	 -0.460256	 -0.067286	 -0.361009	 -0.067285	 -0.361008	 +0.192153	 +0.049831	 +0.192154	 +0.049832	 +0.257115	 +0.111260	 +0.289984	 +0.140542	 +0.289984	 +0.140542
 -0.225467	 -0.544685	 -0.174634	 -0.481253	 -0.146139	 -0.461384	 -0.146139	 -0.461384	 -0.057286	 -0.362328	 -0.057285	 -0.362326	 +0.202153	 +0.048429	 +0.202154	 +0.048430	 +0.267115	 +0.110578	 +0.299984	 +0.139918	 +0.299984	 +0.139919
 -0.215467	 -0.545852	 -0.164634	 -0.482611	 -0.136139	 -0.462506	 -0.136139	 -0.462506	 -0.047286	 -0.363652	 -0.047285	 -0.363650	 +0.212153	 +0.047009	 +0.212154	 +0.047010	 +0.277115	 +0.109882	 +0.309984	 +0.139282	 +0.309984	 +0.139282
 -0.205467	 -0.547010	 -0.154634	 -0.483960	 -0.126139	 -0.463621	 -0.126139	 -0.463621	 -0.037286	 -0.364982	 -0.037285	 -0.364981	 +0.222153	 +0.045571	 +0.222154	 +0.045572	 +0.287115	 +0.109173	 +0.319984	 +0.138631	 +0.319984	 +0.138632
 -0.195467	 -0.548160	 -0.144634	 -0.485299	 -0.116139	 -0.464731	 -0.116139	 -0.464731	 -0.027286	 -0.366319	 -0.027285	 -0.366318	 +0.232153	 +0.044113	 +0.232154	 +0.044114	 +0.297115	 +0.108450	 +0.329984	 +0.137966	 +0.329984	 +0.137967
 -0.185467	 -0.549302	 -0.134634	 -0.486631	 -0.106139	 -0.465836	 -0.106139	 -0.465836	 -0.017286	 -0.367664	 -0.017285	 -0.367662	 +0.242153	 +0.042634	 +0.242154	 +0.042635	 +0.307115	 +0.107712	 +0.339984	 +0.137286	 +0.339984	 +0.137286
 -0.175467	 -0.550436	 -0.124634	 -0.487955	 -0.096139	 -0.466936	 -0.096139	 -0.466935	 -0.007286	 -0.369016	 -0.007285	 -0.369015	 +0.252153	 +0.041134	 +0.252154	 +0.041135	 +0.317115	 +0.106958	 +0.349984	 +0.136590	 +0.349984	 +0.136590
 -0.165467	 -0.551563	 -0.114634	 -0.489272	 -0.086139	 -0.468031	 -0.086139	 -0.468031	 +0.002714	 -0.370377	 +0.002715	 -0.370376	 +0.262153	 +0.039612	 +0.262154	 +0.039613	 +0.327115	 +0.106188	 +0.359984	 +0.135877	 +0.359984	 +0.135877
 -0.155467	 -0.552683	 -0.104634	 -0.490582	 -0.076139	 -0.469121	 -0.076139	 -0.469121	 +0.012714	 -0.371748	 +0.012715	 -0.371747	 +0.272153	 +0.038067	 +0.272154	 +0.038068	 +0.337115	 +0.105401	 +0.369984	 +0.135147	 +0.369984	 +0.135147
 -0.145467	 -0.553797	 -0.094634	 -0.491886	 -0.066139	 -0.470208	 -0.066139	 -0.470208	 +0.022714	 -0.373128	 +0.022715	 -0.373127	 +0.282153	 +0.036497	 +0.282154	 +0.036498	 +0.347115	 +0.104596	 +0.379984	 +0.134398	 +0.379984	 +0.134399
 -0.135467	 -0.554904	 -0.084634	 -0.493185	 -0.056139	 -0.471291	 -0.056139	 -0.471291	 +0.032714	 -0.374520	 +0.032715	 -0.374518	 +0.292153	 +0.034902	 +0.292154	 +0.034903	 +0.357115	 +0.103773	 +0.389984	 +0.133631	 +0.389984	 +0.133631
 -0.125467	 -0.556005	 -0.074634	 -0.494478	 -0.046139	 -0.472371	 -0.046139	 -0.472371	 +0.042714	 -0.375922	 +0.042715	 -0.375921	 +0.302153	 +0.033281	 +0.302154	 +0.033282	 +0.367115	 +0.102930	 +0.399984	 +0.132843	 +0.399984	 +0.132843
 -0.115467	 -0.557101	 -0.064634	 -0.495768	 -0.036139	 -0.473447	 -0.036139	 -0.473447	 +0.052714	 -0.377337	 +0.052715	 -0.377335	 +0.312153	 +0.031632	 +0.312154	 +0.031633	 +0.377115	 +0.102068	 +0.409984	 +0.132034	 +0.409984	 +0.132035
 -0.105467	 -0.558191	 -0.054634	 -0.497053	 -0.026139	 -0.474521	 -0.026139	 -0.474521	 +0.062714	 -0.378764	 +0.062715	 -0.378763	 +0.322153	 +0.029955	 +0.322154	 +0.029955	 +0.387115	 +0.101184	 +0.419984	 +0.131204	 +0.419984	 +0.131204
 -0.095467	 -0.559277	 -0.044634	 -0.498335	 -0.016139	 -0.475592	 -0.016139	 -0.475592	 +0.072714	 -0.380205	 +0.072715	 -0.380204	 +0.332153	 +0.028247	 +0.332154	 +0.028248	 +0.397115	 +0.100278	 +0.429984	 +0.130350	 +0.429984	 +0.130350
 -0.085467	 -0.560358	 -0.034634	 -0.499614	 -0.006139	 -0.476661	 -0.006139	 -0.476661	 +0.082714	 -0.381661	 +0.082715	 -0.381659	 +0.342153	 +0.026508	 +0.342154	 +0.026509	 +0.407115	 +0.099348	 +0.439984	 +0.129471	 +0.439984	 +0.129471
 -0.075467	 -0.561435	 -0.024634	 -0.500891	 +0.003861	 -0.477728	 +0.003861	 -0.477728	 +0.092714	 -0.383131	 +0.092715	 -0.383130	 +0.352153	 +0.024736	 +0.352154	 +0.024737	 +0.417115	 +0.098395	 +0.449984	 +0.128566	 +0.449984	 +0.128567
 -0.065467	 -0.562507	 -0.014634	 -0.502165	 +0.013861	 -0.478794	 +0.013861	 -0.478794	 +0.102714	 -0.384618	 +0.102715	 -0.384617	 +0.362153	 +0.022930	 +0.362154	 +0.022931	 +0.427115	 +0.097415	 +0.459984	 +0.127634	 +0.459984	 +0.127635
 -0.055467	 -0.563576	 -0.004634	 -0.503439	 +0.023861	 -0.479858	 +0.023861	 -0.479858	 +0.112714	 -0.386122	 +0.112715	 -0.386121	 +0.372153	 +0.021088	 +0.372154	 +0.021089	 +0.437115	 +0.096409	 +0.469984	 +0.126674	 +0.469984	 +0.126674
 -0.045467	 -0.564642	 +0.005366	 -0.504711	 +0.033861	 -0.480921	 +0.033861	 -0.480921	 +0.122714	 -0.387644	 +0.122715	 -0.387643	 +0.382153	 +0.019209	 +0.382154	 +0.019209	 +0.447115	 +0.095375	 +0.479984	 +0.125682	 +0.479984	 +0.125683
 -0.035467	 -0.565705	 +0.015366	 -0.505983	 +0.043861	 -0.481983	 +0.043861	 -0.481983	 +0.132714	 -0.389185	 +0.132715	 -0.389184	 +0.392153	 +0.017290	 +0.392154	 +0.017291	 +0.457115	 +0.094310	 +0.489984	 +0.124658	 +0.489984	 +0.124659
 -0.025467	 -0.566764	 +0.025366	 -0.507255	 +0.053861	 -0.483045	 +0.053861	 -0.483045	 +0.142714	 -0.390746	 +0.142715	 -0.390745	 +0.402153	 +0.015330	 +0.402154	 +0.015331	 +0.467115	 +0.093214	 +0.499984	 +0.123600	 +0.499984	 +0.123601
 -0.015467	 -0.567822	 +0.035366	 -0.508527	 +0.063861	 -0.484107	 +0.063861	 -0.484106	 +0.152714	 -0.392328	 +0.152715	 -0.392327	 +0.412153	 +0.013327	 +0.412154	 +0.013328	 +0.477115	 +0.092085	 +0.509984	 +0.122505	 +0.509984	 +0.122506
 -0.005467	 -0.568877	 +0.045366	 -0.509800	 +0.073861	 -0.485168	 +0.073861	 -0.485168	 +0.162714	 -0.393932	 +0.162715	 -0.393931	 +0.422153	 +0.011280	 +0.422154	 +0.011280	 +0.487115	 +0.090920	 +0.519984	 +0.121372	 +0.519984	 +0.121372
 +0.004533	 -0.569930	 +0.055366	 -0.511075	 +0.083861	 -0.486230	 +0.083861	 -0.486230	 +0.172714	 -0.395559	 +0.172715	 -0.395558	 +0.432153	 +0.009184	 +0.432154	 +0.009185	 +0.497115	 +0.089719	 +0.529984	 +0.120196	 +0.529984	 +0.120196
 +0.014533	 -0.570982	 +0.065366	 -0.512352	 +0.093861	 -0.487293	 +0.093861	 -0.487293	 +0.182714	 -0.397211	 +0.182715	 -0.397210	 +0.442153	 +0.007040	 +0.442154	 +0.007040	 +0.507115	 +0.088477	 +0.539984	 +0.118976	 +0.539984	 +0.118976
 +0.024533	 -0.572032	 +0.075366	 -0.513631	 +0.103861	 -0.488357	 +0.103861	 -0.488357	 +0.192714	 -0.398889	 +0.192715	 -0.398888	 +0.452153	 +0.004843	 +0.452154	 +0.004844	 +0.517115	 +0.087194	 +0.549984	 +0.117708	 +0.549984	 +0.117709
 +0.034533	 -0.573082	 +0.085366	 -0.514913	 +0.113861	 -0.489422	 +0.113861	 -0.489422	 +0.202714	 -0.400594	 +0.202715	 -0.400593	 +0.462153	 +0.002591	 +0.462154	 +0.002592	 +0.527115	 +0.085866	 +0.559984	 +0.116389	 +0.559984	 +0.116390
 +0.044533	 -0.574130	 +0.095366	 -0.516198	 +0.123861	 -0.490489	 +0.123861	 -0.490489	 +0.212714	 -0.402328	 +0.212715	 -0.402327	 +0.472153	 +0.000282	 +0.472154	 +0.000283	 +0.537115	 +0.084491	 +0.569984	 +0.115015	 +0.569984	 +0.115016
 +0.054533	 -0.575178	 +0.105366	 -0.517488	 +0.133861	 -0.491558	 +0.133861	 -0.491558	 +0.222714	 -0.404092	 +0.222715	 -0.404091	 +0.482153	 -0.002088	 +0.482154	 -0.002087	 +0.547115	 +0.083065	 +0.579984	 +0.113582	 +0.579984	 +0.113582
 +0.064533	 -0.576226	 +0.115366	 -0.518782	 +0.143861	 -0.492629	 +0.143861	 -0.492629	 +0.232714	 -0.405888	 +0.232715	 -0.405887	 +0.492153	 -0.004522	 +0.492154	 -0.004521	 +0.557115	 +0.081584	 +0.589984	 +0.112084	 +0.589984	 +0.112084
 +0.074533	 -0.577275	 +0.125366	 -0.520081	 +0.153861	 -0.493702	 +0.153861	 -0.493702	 +0.242714	 -0.407718	 +0.242715	 -0.407717	 +0.502153	 -0.007023	 +0.502154	 -0.007022	 +0.567115	 +0.080046	 +0.599984	 +0.110516	 +0.599984	 +0.110516
 +0.084533	 -0.578323	 +0.135366	 -0.521385	 +0.163861	 -0.494779	 +0.163861	 -0.494779	 +0.252714	 -0.409583	 +0.252715	 -0.409581	 +0.512153	 -0.009595	 +0.512154	 -0.009594	 +0.577115	 +0.078445	 +0.609984	 +0.108872	 +0.609984	 +0.108873
 +0.094533	 -0.579373	 +0.145366	 -0.522695	 +0.173861	 -0.495858	 +0.173861	 -0.495858	 +0.262714	 -0.411485	 +0.262715	 -0.411484	 +0.522153	 -0.012242	 +0.522154	 -0.012241	 +0.587115	 +0.076776	 +0.619984	 +0.107146	 +0.619984	 +0.107146
 +0.104533	 -0.580423	 +0.155366	 -0.524012	 +0.183861	 -0.496941	 +0.183861	 -0.496941	 +0.272714	 -0.413426	 +0.272715	 -0.413425	 +0.532153	 -0.014969	 +0.532154	 -0.014968	 +0.597115	 +0.075036	 +0.629984	 +0.105328	 +0.629984	 +0.105328
 +0.114533	 -0.581475	 +0.165366	 -0.525336	 +0.193861	 -0.498028	 +0.193861	 -0.498028	 +0.282714	 -0.415409	 +0.282715	 -0.415408	 +0.542153	 -0.017780	 +0.542154	 -0.017779	 +0.607115	 +0.073216	 +0.639984	 +0.103410	 +0.639984	 +0.103410
 +0.124533	 -0.582528	 +0.175366	 -0.526667	 +0.203861	 -0.499119	 +0.203861	 -0.499119	 +0.292714	 -0.417436	 +0.292715	 -0.417435	 +0.552153	 -0.020680	 +0.552154	 -0.020680	 +0.617115	 +0.071312	 +0.649984	 +0.101381	 +0.649984	 +0.101381
 +0.134533	 -0.583584	 +0.185366	 -0.528007	 +0.213861	 -0.500214	 +0.213861	 -0.500214	 +0.302714	 -0.419510	 +0.302715	 -0.419509	 +0.562153	 -0.023675	 +0.562154	 -0.023675	 +0.627115	 +0.069314	 +0.659984	 +0.099228	 +0.659984	 +0.099229
 +0.144533	 -0.584641	 +0.195366	 -0.529356	 +0.223861	 -0.501315	 +0.223861	 -0.501315	 +0.312714	 -0.421632	 +0.312715	 -0.421631	 +0.572153	 -0.026771	 +0.572154	 -0.026770	 +0.637115	 +0.067216	 +0.669984	 +0.096938	 +0.669984	 +0.096938
 +0.154533	 -0.585702	 +0.205366	 -0.530714	 +0.233861	 -0.502420	 +0.233861	 -0.502420	 +0.322714	 -0.423806	 +0.322715	 -0.423805	 +0.582153	 -0.029974	 +0.582154	 -0.029973	 +0.647115	 +0.065007	 +0.679984	 +0.094493	 +0.679984	 +0.094494
 +0.164533	 -0.586765	 +0.215366	 -0.532082	 +0.243861	 -0.503531	 +0.243861	 -0.503531	 +0.332714	 -0.426036	 +0.332715	 -0.426035	 +0.592153	 -0.033291	 +0.592154	 -0.033291	 +0.657115	 +0.062675	 +0.689984	 +0.091873	 +0.689984	 +0.091873
 +0.174533	 -0.587831	 +0.225366	 -0.533461	 +0.253861	 -0.504649	 +0.253861	 -0.504648	 +0.342714	 -0.428324	 +0.342715	 -0.428323	 +0.602153	 -0.036731	 +0.602154	 -0.036730	 +0.667115	 +0.060209	 +0.699984	 +0.089053	 +0.699984	 +0.089053
 +0.184533	 -0.588901	 +0.235366	 -0.534851	 +0.263861	 -0.505772	 +0.263861	 -0.505772	 +0.352714	 -0.430673	 +0.352715	 -0.430672	 +0.612153	 -0.040302	 +0.612154	 -0.040301	 +0.677115	 +0.057592	 +0.709984	 +0.086002	 +0.709984	 +0.086002
 +0.194533	 -0.589975	 +0.245366	 -0.536253	 +0.273861	 -0.506902	 +0.273861	 -0.506902	 +0.362714	 -0.433088	 +0.362715	 -0.433087	 +0.622153	 -0.044012	 +0.622154	 -0.044012	 +0.687115	 +0.054809	 +0.719984	 +0.082684	 +0.719984	 +0.082685
 +0.204533	 -0.591053	 +0.255366	 -0.537668	 +0.283861	 -0.508040	 +0.283861	 -0.508039	 +0.372714	 -0.435574	 +0.372715	 -0.435573	 +0.632153	 -0.047874	 +0.632154	 -0.047873	 +0.697115	 +0.051838	 +0.729984	 +0.079052	 +0.729984	 +0.079053
 +0.214533	 -0.592135	 +0.265366	 -0.539096	 +0.293861	 -0.509184	 +0.293861	 -0.509184	 +0.382714	 -0.438134	 +0.382715	 -0.438133	 +0.642153	 -0.051897	 +0.642154	 -0.051897	 +0.707115	 +0.048655	 +0.739984	 +0.075047	 +0.739984	 +0.075047
 +0.224533	 -0.593223	 +0.275366	 -0.540538	 +0.303861	 -0.510337	 +0.303861	 -0.510337	 +0.392714	 -0.440773	 +0.392715	 -0.440772	 +0.652153	 -0.056096	 +0.652154	 -0.056095	 +0.717115	 +0.045231	 +0.749984	 +0.070589	 +0.749984	 +0.070589
 +0.234533	 -0.594316	 +0.285366	 -0.541995	 +0.313861	 -0.511499	 +0.313861	 -0.511498	 +0.402714	 -0.443497	 +0.402715	 -0.443496	 +0.662153	 -0.060484	 +0.662154	 -0.060484	 +0.727115	 +0.041530	 +0.759984	 +0.065577	 +0.759984	 +0.065577
 +0.244533	 -0.595414	 +0.295366	 -0.543468	 +0.323861	 -0.512669	 +0.323861	 -0.512669	 +0.412714	 -0.446312	 +0.412715	 -0.446311	 +0.672153	 -0.065078	 +0.672154	 -0.065077	 +0.737115	 +0.037510	 +0.769984	 +0.059867	 +0.769984	 +0.059867
 +0.254533	 -0.596519	 +0.305366	 -0.544957	 +0.333861	 -0.513848	 +0.333861	 -0.513848	 +0.422714	 -0.449225	 +0.422715	 -0.449224	 +0.682153	 -0.069895	 +0.682154	 -0.069894	 +0.747115	 +0.033116	 +0.779984	 +0.053260	 +0.779984	 +0.053260
 +0.264533	 -0.597630	 +0.315366	 -0.546463	 +0.343861	 -0.515038	 +0.343861	 -0.515038	 +0.432714	 -0.452241	 +0.432715	 -0.452240	 +0.692153	 -0.074956	 +0.692154	 -0.074955	 +0.757115	 +0.028282	 +0.789984	 +0.045460	 +0.789984	 +0.045460
 +0.274533	 -0.598747	 +0.325366	 -0.547988	 +0.353861	 -0.516237	 +0.353861	 -0.516237	 +0.442714	 -0.455370	 +0.442715	 -0.455369	 +0.702153	 -0.080284	 +0.702154	 -0.080283	 +0.767115	 +0.022920	 +0.799984	 +0.036011	 +0.799984	 +0.036011
 +0.284533	 -0.599872	 +0.335366	 -0.549532	 +0.363861	 -0.517448	 +0.363861	 -0.517448	 +0.452714	 -0.458620	 +0.452715	 -0.458619	 +0.712153	 -0.085906	 +0.712154	 -0.085905	 +0.777115	 +0.016917	 +0.809984	 +0.024165	 +0.809984	 +0.024165
 +0.294533	 -0.601005	 +0.345366	 -0.551095	 +0.373861	 -0.518670	 +0.373861	 -0.518670	 +0.462714	 -0.462000	 +0.462715	 -0.461999	 +0.722153	 -0.091851	 +0.722154	 -0.091851	 +0.787115	 +0.010124	 +0.819984	 +0.008589	 +0.819984	 +0.008588
 +0.304533	 -0.602145	 +0.355366	 -0.552680	 +0.383861	 -0.519904	 +0.383861	 -0.519904	 +0.472714	 -0.465521	 +0.472715	 -0.465521	 +0.732153	 -0.098156	 +0.732154	 -0.098155	 +0.797115	 +0.002334	 +0.829984	 -0.013376	 +0.829984	 -0.013377
 +0.314533	 -0.603295	 +0.365366	 -0.554287	 +0.393861	 -0.521151	 +0.393861	 -0.521150	 +0.482714	 -0.469196	 +0.482715	 -0.469195	 +0.742153	 -0.104860	 +0.742154	 -0.104859	 +0.807115	 -0.006744	 +0.839984	 -0.047972	 +0.839984	 -0.047973
 +0.324533	 -0.604453	 +0.375366	 -0.555917	 +0.403861	 -0.522410	 +0.403861	 -0.522410	 +0.492714	 -0.473036	 +0.492715	 -0.473036	 +0.752153	 -0.112011	 +0.752154	 -0.112011	 +0.817115	 -0.017531	 +0.849984	 -0.114420	 +0.849984	 -0.114424
 +0.334533	 -0.605621	 +0.385366	 -0.557571	 +0.413861	 -0.523684	 +0.413861	 -0.523684	 +0.502714	 -0.477058	 +0.502715	 -0.477058	 +0.762153	 -0.119666	 +0.762154	 -0.119666	 +0.827115	 -0.030675	 +0.859984	 -0.316642	 +0.859984	 -0.316662
 +0.344533	 -0.606798	 +0.395366	 -0.559251	 +0.423861	 -0.524972	 +0.423861	 -0.524972	 +0.512714	 -0.481279	 +0.512715	 -0.481278	 +0.772153	 -0.127891	 +0.772154	 -0.127891	 +0.837115	 -0.047213	 +0.869984	 +1.629201	 +0.869984	 +1.629028
 +0.354533	 -0.607986	 +0.405366	 -0.560957	 +0.433861	 -0.526275	 +0.433861	 -0.526275	 +0.522714	 -0.485717	 +0.522715	 -0.485716	 +0.782153	 -0.136767	 +0.782154	 -0.136767	 +0.847115	 -0.068932	 +0.879984	 +0.317726	 +0.879984	 +0.317709
 +0.364533	 -0.609185	 +0.415366	 -0.562691	 +0.443861	 -0.527594	 +0.443861	 -0.527594	 +0.532714	 -0.490394	 +0.532715	 -0.490394	 +0.792153	 -0.146392	 +0.792154	 -0.146392	 +0.857115	 -0.099213	 +0.889984	 +0.167115	 +0.889984	 +0.167108
 +0.374533	 -0.610396	 +0.425366	 -0.564455	 +0.453861	 -0.528930	 +0.453861	 -0.528929	 +0.542714	 -0.495336	 +0.542715	 -0.495335	 +0.802153	 -0.156886	 +0.802154	 -0.156886	 +0.867115	 -0.145315	 +0.899984	 +0.092871	 +0.899984	 +0.092865
 +0.384533	 -0.611619	 +0.435366	 -0.566249	 +0.463861	 -0.530283	 +0.463861	 -0.530283	 +0.552714	 -0.500570	 +0.552715	 -0.500570	 +0.812153	 -0.168399	 +0.812154	 -0.168399	 +0.877115	 -0.226261	 +0.909984	 +0.018941	 +0.909984	 +0.018934
 +0.394533	 -0.612855	 +0.445366	 -0.568075	 +0.473861	 -0.531654	 +0.473861	 -0.531654	 +0.562714	 -0.506132	 +0.562715	 -0.506132	 +0.822153	 -0.181120	 +0.822154	 -0.181120	 +0.887115	 -0.412887	 +0.919984	 -0.151649	 +0.919984	 -0.151669
 +0.404533	 -0.614103	 +0.455366	 -0.569936	 +0.483861	 -0.533045	 +0.483861	 -0.533045	 +0.572714	 -0.512059	 +0.572715	 -0.512059	 +0.832153	 -0.195294	 +0.832154	 -0.195294	 +0.897115	 -1.356668	 +0.929984	 +0.948415	 +0.929984	 +0.948355
 +0.414533	 -0.615366	 +0.465366	 -0.571832	 +0.493861	 -0.534455	 +0.493861	 -0.534455	 +0.582714	 -0.518397	 +0.582715	 -0.518397	 +0.842153	 -0.211241	 +0.842154	 -0.211241	 +0.907115	 +1.168190	 +0.939984	 +0.261284	 +0.939984	 +0.261284
 +0.424533	 -0.616644	 +0.475366	 -0.573765	 +0.503861	 -0.535887	 +0.503861	 -0.535887	 +0.592714	 -0.525199	 +0.592715	 -0.525200	 +0.852153	 -0.229393	 +0.852154	 -0.229393	 +0.917115	 +0.437872	 +0.949984	 +0.163354	 +0.949984	 +0.163354
 +0.434533	 -0.617937	 +0.485366	 -0.575737	 +0.513861	 -0.537341	 +0.513861	 -0.537341	 +0.602714	 -0.532531	 +0.602715	 -0.532532	 +0.862153	 -0.250344	 +0.862154	 -0.250345	 +0.927115	 +0.268219	 +0.959984	 +0.107595	 +0.959984	 +0.107595
 +0.444533	 -0.619246	 +0.495366	 -0.577750	 +0.523861	 -0.538818	 +0.523861	 -0.538818	 +0.612714	 -0.540469	 +0.612715	 -0.540470	 +0.872153	 -0.274945	 +0.872154	 -0.274946	 +0.937115	 +0.189258	 +0.969984	 +0.081250	 +0.969984	 +0.081247
 +0.454533	 -0.620572	 +0.505366	 -0.579807	 +0.533861	 -0.540319	 +0.533861	 -0.540319	 +0.622714	 -0.549107	 +0.622715	 -0.549108	 +0.882153	 -0.304453	 +0.882154	 -0.304454	 +0.947115	 +0.140656	 +0.979984	 +0.055322	 +0.979984	 +0.055323
 +0.464533	 -0.621916	 +0.515366	 -0.581909	 +0.543861	 -0.541846	 +0.543861	 -0.541846	 +0.632714	 -0.558560	 +0.632715	 -0.558561	 +0.892153	 -0.340822	 +0.892154	 -0.340824	 +0.957115	 +0.105172	 +0.989984	 +0.007083	 +0.989984	 +0.007082
 +0.474533	 -0.623278	 +0.525366	 -0.584059	 +0.553861	 -0.543400	 +0.553861	 -0.543400	 +0.642714	 -0.568970	 +0.642715	 -0.568971	 +0.902153	 -0.387275	 +0.902154	 -0.387278	 +0.967115	 +0.075754	 +0.999984	 -0.066140	 +0.999984	 -0.066144
 +0.484533	 -0.624660	 +0.535366	 -0.586259	 +0.563861	 -0.544983	 +0.563861	 -0.544982	 +0.652714	 -0.580516	 +0.652715	 -0.580517	 +0.912153	 -0.449557	 +0.912154	 -0.449561	 +0.977115	 +0.048632	 +1.009984	 -0.251949	 +1.009984	 -0.251970
 +0.494533	 -0.626062	 +0.545366	 -0.588512	 +0.573861	 -0.546595	 +0.573861	 -0.546594	 +0.662714	 -0.593427	 +0.662715	 -0.593429	 +0.922153	 -0.539042	 +0.922154	 -0.539049	 +0.987115	 +0.021112	 +1.019984	 +0.847112	 +1.019984	 +0.848916
 +0.504533	 -0.627486	 +0.555366	 -0.590821	 +0.583861	 -0.548238	 +0.583861	 -0.548238	 +0.672714	 -0.608001	 +0.672715	 -0.608003	 +0.932153	 -0.681985	 +0.932154	 -0.681997	 +0.997115	 -0.009529	 +1.029984	 +0.337473	 +1.029984	 +0.337450
 +0.514533	 -0.628932	 +0.565366	 -0.593189	 +0.593861	 -0.549915	 +0.593861	 -0.549915	 +0.682714	 -0.624630	 +0.682715	 -0.624633	 +0.942153	 -0.955921	 +0.942154	 -0.955946	 +1.007115	 -0.047155	 +1.039984	 +0.273684	 +1.039984	 +0.273669
 +0.524533	 -0.630402	 +0.575366	 -0.595619	 +0.603861	 -0.551626	 +0.603861	 -0.551626	 +0.692714	 -0.643848	 +0.692715	 -0.643851	 +0.952153	 -1.733912	 +0.952154	 -1.734008	 +1.017115	 -0.099038	 +1.049984	 +0.110802	 +1.049984	 +0.110797
 +0.534533	 -0.631897	 +0.585366	 -0.598115	 +0.613861	 -0.553375	 +0.613861	 -0.553375	 +0.702714	 -0.666394	 +0.702715	 -0.666398	 +0.962153	 -3.921264	 +0.962154	 -3.912925	 +1.027115	 -0.183410	 +1.059984	 +0.000101	 +1.059984	 +0.000095
 +0.544533	 -0.633418	 +0.595366	 -0.600680	 +0.623861	 -0.555163	 +0.623861	 -0.555162	 +0.712714	 -0.693332	 +0.712715	 -0.693337	 +0.972153	 +1.430691	 +0.972154	 +1.430596	 +1.037115	 -0.357913	 +1.069984	 -0.250675	 +1.069984	 -0.250694
 +0.554533	 -0.634966	 +0.605366	 -0.603319	 +0.633861	 -0.556992	 +0.633861	 -0.556992	 +0.722714	 -0.726240	 +0.722715	 -0.726246	 +0.982153	 +0.588678	 +0.982154	 +0.588656	 +1.047115	 -1.102603	 +1.079984	 +1.934190	 +1.079984	 +1.934174
 +0.564533	 -0.636544	 +0.615366	 -0.606035	 +0.643861	 -0.558865	 +0.643861	 -0.558865	 +0.732714	 -0.767581	 +0.732715	 -0.767589	 +0.992153	 +0.290518	 +0.992154	 +0.290510	 +1.057115	 +1.397379	 +1.089984	 +0.433281	 +1.089984	 +0.433267
