#omega_5	E_QP(omega)_5#	omega_6	E_QP(omega)_6
-0.374111	-0.330432	-0.325455	-0.044240
-0.373111	-0.331248	-0.324455	-0.044776
-0.372111	-0.332065	-0.323455	-0.045296
-0.371111	-0.332885	-0.322455	-0.045801
-0.370111	-0.333708	-0.321455	-0.046293
-0.369111	-0.334536	-0.320455	-0.046776
-0.368111	-0.335370	-0.319455	-0.047249
-0.367111	-0.336209	-0.318455	-0.047717
-0.366111	-0.337055	-0.317455	-0.048180
-0.365111	-0.337910	-0.316455	-0.048639
-0.364111	-0.338774	-0.315455	-0.049098
-0.363111	-0.339649	-0.314455	-0.049558
-0.362111	-0.340537	-0.313455	-0.050021
-0.361111	-0.341438	-0.312455	-0.050488
-0.360111	-0.342354	-0.311455	-0.050962
-0.359111	-0.343289	-0.310455	-0.051445
-0.358111	-0.344243	-0.309455	-0.051941
-0.357111	-0.345219	-0.308455	-0.052451
-0.356111	-0.346221	-0.307455	-0.052979
-0.355111	-0.347250	-0.306455	-0.053528
-0.354111	-0.348312	-0.305455	-0.054105
-0.353111	-0.349410	-0.304455	-0.054712
-0.352111	-0.350549	-0.303455	-0.055358
-0.351111	-0.351735	-0.302455	-0.056049
-0.350111	-0.352973	-0.301455	-0.056795
-0.349111	-0.354272	-0.300455	-0.057607
-0.348111	-0.355641	-0.299455	-0.058501
-0.347111	-0.357090	-0.298455	-0.059495
-0.346111	-0.358632	-0.297455	-0.060614
-0.345111	-0.360283	-0.296455	-0.061893
-0.344111	-0.362062	-0.295455	-0.063376
-0.343111	-0.363993	-0.294455	-0.065130
-0.342111	-0.366104	-0.293455	-0.067247
-0.341111	-0.368434	-0.292455	-0.069869
-0.340111	-0.371031	-0.291455	-0.073220
-0.339111	-0.373958	-0.290455	-0.077666
-0.338111	-0.377299	-0.289455	-0.083848
-0.337111	-0.381170	-0.288455	-0.092936
-0.336111	-0.385731	-0.287455	-0.106921
-0.335111	-0.391215	-0.286455	-0.125300
-0.334111	-0.397967	-0.285455	-0.090079
-0.333111	-0.406526	-0.284455	+0.023601
-0.332111	-0.417768	-0.283455	+0.017165
-0.331111	-0.433199	-0.282455	-0.000165
-0.330111	-0.455544	-0.281455	-0.011670
-0.329111	-0.489666	-0.280455	-0.019256
-0.328111	-0.539333	-0.279455	-0.024542
-0.327111	-0.523062	-0.278455	-0.028418
-0.326111	-0.184760	-0.277455	-0.031382
-0.325111	-0.148839	-0.276455	-0.033726
-0.324111	-0.199121	-0.275455	-0.035631
-0.323111	-0.234437	-0.274455	-0.037215
-0.322111	-0.257517	-0.273455	-0.038556
-0.321111	-0.273410	-0.272455	-0.039710
-0.320111	-0.284980	-0.271455	-0.040717
-0.319111	-0.293814	-0.270455	-0.041605
-0.318111	-0.300848	-0.269455	-0.042397
-0.317111	-0.306678	-0.268455	-0.043110
-0.316111	-0.311737	-0.267455	-0.043757
-0.315111	-0.316305	-0.266455	-0.044348
-0.314111	-0.319107	-0.265455	-0.044891
-0.313111	-0.317046	-0.264455	-0.045393
-0.312111	-0.319305	-0.263455	-0.045861
-0.311111	-0.322276	-0.262455	-0.046297
-0.310111	-0.324795	-0.261455	-0.046706
-0.309111	-0.326952	-0.260455	-0.047092
-0.308111	-0.328849	-0.259455	-0.047456
-0.307111	-0.330550	-0.258455	-0.047802
-0.306111	-0.332096	-0.257455	-0.048131
-0.305111	-0.333515	-0.256455	-0.048444
-0.304111	-0.334829	-0.255455	-0.048744
-0.303111	-0.336053	-0.254455	-0.049032
-0.302111	-0.337200	-0.253455	-0.049309
-0.301111	-0.338279	-0.252455	-0.049575
-0.300111	-0.339299	-0.251455	-0.049832
-0.299111	-0.340267	-0.250455	-0.050081
-0.298111	-0.341188	-0.249455	-0.050321
-0.297111	-0.342068	-0.248455	-0.050555
-0.296111	-0.342909	-0.247455	-0.050781
-0.295111	-0.343717	-0.246455	-0.051002
-0.294111	-0.344494	-0.245455	-0.051216
-0.293111	-0.345243	-0.244455	-0.051426
-0.292111	-0.345966	-0.243455	-0.051631
-0.291111	-0.346665	-0.242455	-0.051830
-0.290111	-0.347342	-0.241455	-0.052026
-0.289111	-0.348000	-0.240455	-0.052218
-0.288111	-0.348638	-0.239455	-0.052406
-0.287111	-0.349260	-0.238455	-0.052590
-0.286111	-0.349865	-0.237455	-0.052771
-0.285111	-0.350455	-0.236455	-0.052949
-0.284111	-0.351031	-0.235455	-0.053124
-0.283111	-0.351594	-0.234455	-0.053296
-0.282111	-0.352145	-0.233455	-0.053466
-0.281111	-0.352684	-0.232455	-0.053633
-0.280111	-0.353212	-0.231455	-0.053798
-0.279111	-0.353730	-0.230455	-0.053961
-0.278111	-0.354238	-0.229455	-0.054122
-0.277111	-0.354736	-0.228455	-0.054280
-0.276111	-0.355226	-0.227455	-0.054437
-0.275111	-0.355708	-0.226455	-0.054593
-0.274111	-0.356182	-0.225455	-0.054746
-0.273111	-0.356648	-0.224455	-0.054898
-0.272111	-0.357108	-0.223455	-0.055049
-0.271111	-0.357560	-0.222455	-0.055198
-0.270111	-0.358006	-0.221455	-0.055346
-0.269111	-0.358446	-0.220455	-0.055492
-0.268111	-0.358879	-0.219455	-0.055638
-0.267111	-0.359307	-0.218455	-0.055782
-0.266111	-0.359730	-0.217455	-0.055925
-0.265111	-0.360147	-0.216455	-0.056067
-0.264111	-0.360560	-0.215455	-0.056209
-0.263111	-0.360967	-0.214455	-0.056349
-0.262111	-0.361370	-0.213455	-0.056489
-0.261111	-0.361768	-0.212455	-0.056627
-0.260111	-0.362162	-0.211455	-0.056765
-0.259111	-0.362552	-0.210455	-0.056902
-0.258111	-0.362938	-0.209455	-0.057039
-0.257111	-0.363320	-0.208455	-0.057175
-0.256111	-0.363698	-0.207455	-0.057310
-0.255111	-0.364072	-0.206455	-0.057445
-0.254111	-0.364443	-0.205455	-0.057579
-0.253111	-0.364811	-0.204455	-0.057713
-0.252111	-0.365175	-0.203455	-0.057846
-0.251111	-0.365536	-0.202455	-0.057979
-0.250111	-0.365894	-0.201455	-0.058111
-0.249111	-0.366249	-0.200455	-0.058243
-0.248111	-0.366601	-0.199455	-0.058375
-0.247111	-0.366951	-0.198455	-0.058506
-0.246111	-0.367297	-0.197455	-0.058637
-0.245111	-0.367641	-0.196455	-0.058768
-0.244111	-0.367982	-0.195455	-0.058899
-0.243111	-0.368321	-0.194455	-0.059029
-0.242111	-0.368657	-0.193455	-0.059159
-0.241111	-0.368991	-0.192455	-0.059289
-0.240111	-0.369322	-0.191455	-0.059419
-0.239111	-0.369652	-0.190455	-0.059549
-0.238111	-0.369979	-0.189455	-0.059679
-0.237111	-0.370303	-0.188455	-0.059808
-0.236111	-0.370626	-0.187455	-0.059938
-0.235111	-0.370947	-0.186455	-0.060068
-0.234111	-0.371266	-0.185455	-0.060197
-0.233111	-0.371582	-0.184455	-0.060327
-0.232111	-0.371897	-0.183455	-0.060457
-0.231111	-0.372210	-0.182455	-0.060586
-0.230111	-0.372521	-0.181455	-0.060716
-0.229111	-0.372831	-0.180455	-0.060846
-0.228111	-0.373139	-0.179455	-0.060976
-0.227111	-0.373445	-0.178455	-0.061107
-0.226111	-0.373749	-0.177455	-0.061237
-0.225111	-0.374052	-0.176455	-0.061368
-0.224111	-0.374353	-0.175455	-0.061499
-0.223111	-0.374653	-0.174455	-0.061630
-0.222111	-0.374951	-0.173455	-0.061762
-0.221111	-0.375247	-0.172455	-0.061893
-0.220111	-0.375543	-0.171455	-0.062026
-0.219111	-0.375836	-0.170455	-0.062158
-0.218111	-0.376129	-0.169455	-0.062291
-0.217111	-0.376420	-0.168455	-0.062424
-0.216111	-0.376710	-0.167455	-0.062558
-0.215111	-0.376998	-0.166455	-0.062692
-0.214111	-0.377286	-0.165455	-0.062827
-0.213111	-0.377572	-0.164455	-0.062962
-0.212111	-0.377857	-0.163455	-0.063097
-0.211111	-0.378140	-0.162455	-0.063234
-0.210111	-0.378423	-0.161455	-0.063370
-0.209111	-0.378704	-0.160455	-0.063508
-0.208111	-0.378985	-0.159455	-0.063646
-0.207111	-0.379264	-0.158455	-0.063785
-0.206111	-0.379543	-0.157455	-0.063924
-0.205111	-0.379820	-0.156455	-0.064064
-0.204111	-0.380096	-0.155455	-0.064205
-0.203111	-0.380372	-0.154455	-0.064347
-0.202111	-0.380646	-0.153455	-0.064490
-0.201111	-0.380920	-0.152455	-0.064634
-0.200111	-0.381193	-0.151455	-0.064778
-0.199111	-0.381465	-0.150455	-0.064924
-0.198111	-0.381736	-0.149455	-0.065070
-0.197111	-0.382006	-0.148455	-0.065218
-0.196111	-0.382276	-0.147455	-0.065366
-0.195111	-0.382545	-0.146455	-0.065516
-0.194111	-0.382813	-0.145455	-0.065667
-0.193111	-0.383080	-0.144455	-0.065820
-0.192111	-0.383347	-0.143455	-0.065973
-0.191111	-0.383613	-0.142455	-0.066128
-0.190111	-0.383879	-0.141455	-0.066285
-0.189111	-0.384144	-0.140455	-0.066443
-0.188111	-0.384408	-0.139455	-0.066602
-0.187111	-0.384672	-0.138455	-0.066764
-0.186111	-0.384935	-0.137455	-0.066927
-0.185111	-0.385198	-0.136455	-0.067091
-0.184111	-0.385461	-0.135455	-0.067258
-0.183111	-0.385723	-0.134455	-0.067427
-0.182111	-0.385985	-0.133455	-0.067598
-0.181111	-0.386246	-0.132455	-0.067770
-0.180111	-0.386508	-0.131455	-0.067946
-0.179111	-0.386768	-0.130455	-0.068123
-0.178111	-0.387029	-0.129455	-0.068304
-0.177111	-0.387290	-0.128455	-0.068486
-0.176111	-0.387550	-0.127455	-0.068672
-0.175111	-0.387810	-0.126455	-0.068861
-0.174111	-0.388070	-0.125455	-0.069053
-0.173111	-0.388331	-0.124455	-0.069248
-0.172111	-0.388591	-0.123455	-0.069446
-0.171111	-0.388851	-0.122455	-0.069648
-0.170111	-0.389112	-0.121455	-0.069855
-0.169111	-0.389372	-0.120455	-0.070065
-0.168111	-0.389633	-0.119455	-0.070280
-0.167111	-0.389894	-0.118455	-0.070499
-0.166111	-0.390156	-0.117455	-0.070724
-0.165111	-0.390418	-0.116455	-0.070953
-0.164111	-0.390681	-0.115455	-0.071189
-0.163111	-0.390944	-0.114455	-0.071430
-0.162111	-0.391208	-0.113455	-0.071678
-0.161111	-0.391473	-0.112455	-0.071933
-0.160111	-0.391738	-0.111455	-0.072196
-0.159111	-0.392005	-0.110455	-0.072466
-0.158111	-0.392273	-0.109455	-0.072746
-0.157111	-0.392542	-0.108455	-0.073035
-0.156111	-0.392812	-0.107455	-0.073334
-0.155111	-0.393084	-0.106455	-0.073644
-0.154111	-0.393358	-0.105455	-0.073966
-0.153111	-0.393634	-0.104455	-0.074302
-0.152111	-0.393911	-0.103455	-0.074652
-0.151111	-0.394192	-0.102455	-0.075018
-0.150111	-0.394474	-0.101455	-0.075401
-0.149111	-0.394760	-0.100455	-0.075804
-0.148111	-0.395049	-0.099455	-0.076229
-0.147111	-0.395341	-0.098455	-0.076678
-0.146111	-0.395637	-0.097455	-0.077154
-0.145111	-0.395938	-0.096455	-0.077660
-0.144111	-0.396243	-0.095455	-0.078201
-0.143111	-0.396554	-0.094455	-0.078780
-0.142111	-0.396870	-0.093455	-0.079405
-0.141111	-0.397194	-0.092455	-0.080081
-0.140111	-0.397525	-0.091455	-0.080816
-0.139111	-0.397865	-0.090455	-0.081621
-0.138111	-0.398215	-0.089455	-0.082508
-0.137111	-0.398575	-0.088455	-0.083493
-0.136111	-0.398949	-0.087455	-0.084596
-0.135111	-0.399337	-0.086455	-0.085841
-0.134111	-0.399741	-0.085455	-0.087263
-0.133111	-0.400166	-0.084455	-0.088906
-0.132111	-0.400613	-0.083455	-0.090832
-0.131111	-0.401087	-0.082455	-0.093127
-0.130111	-0.401594	-0.081455	-0.095914
-0.129111	-0.402139	-0.080455	-0.099380
-0.128111	-0.402732	-0.079455	-0.103815
-0.127111	-0.403383	-0.078455	-0.109691
-0.126111	-0.404106	-0.077455	-0.117828
-0.125111	-0.404922	-0.076455	-0.129710
-0.124111	-0.405859	-0.075455	-0.147959
-0.123111	-0.406955	-0.074455	-0.173991
-0.122111	-0.408270	-0.073455	-0.155219
-0.121111	-0.409893	-0.072455	+0.020726
-0.120111	-0.411972	-0.071455	+0.029280
-0.119111	-0.414754	-0.070455	+0.003558
-0.118111	-0.418686	-0.069455	-0.014084
-0.117111	-0.424575	-0.068455	-0.025606
-0.116111	-0.433377	-0.067455	-0.033535
-0.115111	-0.436729	-0.066455	-0.039286
-0.114111	-0.380023	-0.065455	-0.043643
-0.113111	-0.362545	-0.064455	-0.047061
-0.112111	-0.371866	-0.063455	-0.049819
-0.111111	-0.378988	-0.062455	-0.052097
-0.110111	-0.383660	-0.061455	-0.054016
-0.109111	-0.386879	-0.060455	-0.055660
-0.108111	-0.389227	-0.059455	-0.057088
-0.107111	-0.391027	-0.058455	-0.058344
-0.106111	-0.392461	-0.057455	-0.059461
-0.105111	-0.393640	-0.056455	-0.060464
-0.104111	-0.394636	-0.055455	-0.061373
-0.103111	-0.395495	-0.054455	-0.062201
-0.102111	-0.396250	-0.053455	-0.062963
-0.101111	-0.396923	-0.052455	-0.063668
-0.100111	-0.397532	-0.051455	-0.064324
-0.099111	-0.398088	-0.050455	-0.064937
-0.098111	-0.398602	-0.049455	-0.065513
-0.097111	-0.399080	-0.048455	-0.066058
-0.096111	-0.399528	-0.047455	-0.066574
-0.095111	-0.399951	-0.046455	-0.067065
-0.094111	-0.400352	-0.045455	-0.067534
-0.093111	-0.400735	-0.044455	-0.067984
-0.092111	-0.401101	-0.043455	-0.068416
-0.091111	-0.401454	-0.042455	-0.068833
-0.090111	-0.401794	-0.041455	-0.069236
-0.089111	-0.402123	-0.040455	-0.069627
-0.088111	-0.402442	-0.039455	-0.070007
-0.087111	-0.402753	-0.038455	-0.070377
-0.086111	-0.403056	-0.037455	-0.070738
-0.085111	-0.403352	-0.036455	-0.071091
-0.084111	-0.403642	-0.035455	-0.071437
-0.083111	-0.403926	-0.034455	-0.071777
-0.082111	-0.404205	-0.033455	-0.072111
-0.081111	-0.404479	-0.032455	-0.072440
-0.080111	-0.404749	-0.031455	-0.072765
-0.079111	-0.405015	-0.030455	-0.073086
-0.078111	-0.405277	-0.029455	-0.073403
-0.077111	-0.405536	-0.028455	-0.073718
-0.076111	-0.405792	-0.027455	-0.074030
-0.075111	-0.406045	-0.026455	-0.074340
-0.074111	-0.406295	-0.025455	-0.074648
