#omega_5	E_QP(omega)_5#	omega_6	E_QP(omega)_6
-0.375283	-0.333538	-0.326210	-0.050017
-0.374283	-0.334447	-0.325210	-0.050599
-0.373283	-0.335355	-0.324210	-0.051158
-0.372283	-0.336261	-0.323210	-0.051697
-0.371283	-0.337168	-0.322210	-0.052220
-0.370283	-0.338075	-0.321210	-0.052728
-0.369283	-0.338983	-0.320210	-0.053224
-0.368283	-0.339894	-0.319210	-0.053711
-0.367283	-0.340808	-0.318210	-0.054189
-0.366283	-0.341727	-0.317210	-0.054663
-0.365283	-0.342651	-0.316210	-0.055132
-0.364283	-0.343581	-0.315210	-0.055600
-0.363283	-0.344520	-0.314210	-0.056068
-0.362283	-0.345467	-0.313210	-0.056539
-0.361283	-0.346426	-0.312210	-0.057014
-0.360283	-0.347397	-0.311210	-0.057497
-0.359283	-0.348382	-0.310210	-0.057989
-0.358283	-0.349384	-0.309210	-0.058493
-0.357283	-0.350405	-0.308210	-0.059014
-0.356283	-0.351447	-0.307210	-0.059553
-0.355283	-0.352514	-0.306210	-0.060117
-0.354283	-0.353608	-0.305210	-0.060709
-0.353283	-0.354734	-0.304210	-0.061336
-0.352283	-0.355896	-0.303210	-0.062005
-0.351283	-0.357099	-0.302210	-0.062726
-0.350283	-0.358349	-0.301210	-0.063509
-0.349283	-0.359652	-0.300210	-0.064369
-0.348283	-0.361017	-0.299210	-0.065325
-0.347283	-0.362453	-0.298210	-0.066400
-0.346283	-0.363972	-0.297210	-0.067629
-0.345283	-0.365587	-0.296210	-0.069056
-0.344283	-0.367314	-0.295210	-0.070746
-0.343283	-0.369175	-0.294210	-0.072792
-0.342283	-0.371193	-0.293210	-0.075340
-0.341283	-0.373402	-0.292210	-0.078616
-0.340283	-0.375840	-0.291210	-0.083002
-0.339283	-0.378562	-0.290210	-0.089175
-0.338283	-0.381635	-0.289210	-0.098367
-0.337283	-0.385152	-0.288210	-0.112492
-0.336283	-0.389241	-0.287210	-0.127150
-0.335283	-0.394082	-0.286210	-0.060310
-0.334283	-0.399937	-0.285210	+0.013504
-0.333283	-0.407204	-0.284210	-0.000309
-0.332283	-0.416508	-0.283210	-0.014703
-0.331283	-0.428890	-0.282210	-0.024077
-0.330283	-0.446171	-0.281210	-0.030346
-0.329283	-0.471676	-0.280210	-0.034780
-0.328283	-0.510934	-0.279210	-0.038073
-0.327283	-0.559573	-0.278210	-0.040620
-0.326283	-0.430677	-0.277210	-0.042652
-0.325283	-0.148631	-0.276210	-0.044317
-0.324283	-0.176655	-0.275210	-0.045711
-0.323283	-0.222251	-0.274210	-0.046900
-0.322283	-0.252284	-0.273210	-0.047928
-0.321283	-0.272229	-0.272210	-0.048830
-0.320283	-0.286255	-0.271210	-0.049631
-0.319283	-0.296658	-0.270210	-0.050348
-0.318283	-0.304732	-0.269210	-0.050996
-0.317283	-0.311264	-0.268210	-0.051587
-0.316283	-0.316777	-0.267210	-0.052129
-0.315283	-0.321663	-0.266210	-0.052630
-0.314283	-0.325956	-0.265210	-0.053094
-0.313283	-0.326256	-0.264210	-0.053528
-0.312283	-0.325528	-0.263210	-0.053935
-0.311283	-0.328546	-0.262210	-0.054317
-0.310283	-0.331366	-0.261210	-0.054679
-0.309283	-0.333747	-0.260210	-0.055022
-0.308283	-0.335812	-0.259210	-0.055349
-0.307283	-0.337645	-0.258210	-0.055660
-0.306283	-0.339299	-0.257210	-0.055959
-0.305283	-0.340810	-0.256210	-0.056245
-0.304283	-0.342203	-0.255210	-0.056520
-0.303283	-0.343497	-0.254210	-0.056785
-0.302283	-0.344707	-0.253210	-0.057041
-0.301283	-0.345843	-0.252210	-0.057289
-0.300283	-0.346916	-0.251210	-0.057529
-0.299283	-0.347931	-0.250210	-0.057762
-0.298283	-0.348897	-0.249210	-0.057989
-0.297283	-0.349818	-0.248210	-0.058210
-0.296283	-0.350699	-0.247210	-0.058425
-0.295283	-0.351544	-0.246210	-0.058635
-0.294283	-0.352356	-0.245210	-0.058840
-0.293283	-0.353137	-0.244210	-0.059041
-0.292283	-0.353892	-0.243210	-0.059238
-0.291283	-0.354621	-0.242210	-0.059431
-0.290283	-0.355328	-0.241210	-0.059621
-0.289283	-0.356013	-0.240210	-0.059807
-0.288283	-0.356678	-0.239210	-0.059990
-0.287283	-0.357325	-0.238210	-0.060170
-0.286283	-0.357956	-0.237210	-0.060347
-0.285283	-0.358570	-0.236210	-0.060521
-0.284283	-0.359170	-0.235210	-0.060694
-0.283283	-0.359755	-0.234210	-0.060864
-0.282283	-0.360328	-0.233210	-0.061031
-0.281283	-0.360889	-0.232210	-0.061197
-0.280283	-0.361438	-0.231210	-0.061361
-0.279283	-0.361976	-0.230210	-0.061523
-0.278283	-0.362504	-0.229210	-0.061683
-0.277283	-0.363023	-0.228210	-0.061842
-0.276283	-0.363532	-0.227210	-0.061999
-0.275283	-0.364033	-0.226210	-0.062155
-0.274283	-0.364525	-0.225210	-0.062309
-0.273283	-0.365009	-0.224210	-0.062462
-0.272283	-0.365486	-0.223210	-0.062614
-0.271283	-0.365956	-0.222210	-0.062765
-0.270283	-0.366419	-0.221210	-0.062914
-0.269283	-0.366875	-0.220210	-0.063063
-0.268283	-0.367326	-0.219210	-0.063210
-0.267283	-0.367770	-0.218210	-0.063357
-0.266283	-0.368208	-0.217210	-0.063503
-0.265283	-0.368641	-0.216210	-0.063648
-0.264283	-0.369069	-0.215210	-0.063793
-0.263283	-0.369492	-0.214210	-0.063936
-0.262283	-0.369909	-0.213210	-0.064079
-0.261283	-0.370322	-0.212210	-0.064221
-0.260283	-0.370731	-0.211210	-0.064363
-0.259283	-0.371135	-0.210210	-0.064504
-0.258283	-0.371535	-0.209210	-0.064645
-0.257283	-0.371931	-0.208210	-0.064785
-0.256283	-0.372323	-0.207210	-0.064925
-0.255283	-0.372711	-0.206210	-0.065064
-0.254283	-0.373095	-0.205210	-0.065203
-0.253283	-0.373476	-0.204210	-0.065342
-0.252283	-0.373853	-0.203210	-0.065480
-0.251283	-0.374227	-0.202210	-0.065618
-0.250283	-0.374598	-0.201210	-0.065756
-0.249283	-0.374965	-0.200210	-0.065894
-0.248283	-0.375330	-0.199210	-0.066031
-0.247283	-0.375691	-0.198210	-0.066168
-0.246283	-0.376050	-0.197210	-0.066306
-0.245283	-0.376406	-0.196210	-0.066443
-0.244283	-0.376759	-0.195210	-0.066579
-0.243283	-0.377109	-0.194210	-0.066716
-0.242283	-0.377457	-0.193210	-0.066853
-0.241283	-0.377802	-0.192210	-0.066990
-0.240283	-0.378145	-0.191210	-0.067127
-0.239283	-0.378485	-0.190210	-0.067263
-0.238283	-0.378824	-0.189210	-0.067400
-0.237283	-0.379159	-0.188210	-0.067537
-0.236283	-0.379493	-0.187210	-0.067674
-0.235283	-0.379824	-0.186210	-0.067811
-0.234283	-0.380154	-0.185210	-0.067949
-0.233283	-0.380481	-0.184210	-0.068086
-0.232283	-0.380806	-0.183210	-0.068224
-0.231283	-0.381130	-0.182210	-0.068362
-0.230283	-0.381451	-0.181210	-0.068500
-0.229283	-0.381770	-0.180210	-0.068638
-0.228283	-0.382088	-0.179210	-0.068777
-0.227283	-0.382404	-0.178210	-0.068916
-0.226283	-0.382718	-0.177210	-0.069055
-0.225283	-0.383031	-0.176210	-0.069195
-0.224283	-0.383341	-0.175210	-0.069335
-0.223283	-0.383651	-0.174210	-0.069476
-0.222283	-0.383958	-0.173210	-0.069617
-0.221283	-0.384264	-0.172210	-0.069758
-0.220283	-0.384569	-0.171210	-0.069900
-0.219283	-0.384872	-0.170210	-0.070042
-0.218283	-0.385173	-0.169210	-0.070185
-0.217283	-0.385473	-0.168210	-0.070329
-0.216283	-0.385772	-0.167210	-0.070473
-0.215283	-0.386069	-0.166210	-0.070618
-0.214283	-0.386365	-0.165210	-0.070763
-0.213283	-0.386660	-0.164210	-0.070909
-0.212283	-0.386954	-0.163210	-0.071056
-0.211283	-0.387246	-0.162210	-0.071203
-0.210283	-0.387537	-0.161210	-0.071351
-0.209283	-0.387827	-0.160210	-0.071501
-0.208283	-0.388116	-0.159210	-0.071650
-0.207283	-0.388403	-0.158210	-0.071801
-0.206283	-0.388690	-0.157210	-0.071953
-0.205283	-0.388975	-0.156210	-0.072106
-0.204283	-0.389259	-0.155210	-0.072259
-0.203283	-0.389543	-0.154210	-0.072414
-0.202283	-0.389825	-0.153210	-0.072570
-0.201283	-0.390107	-0.152210	-0.072727
-0.200283	-0.390387	-0.151210	-0.072885
-0.199283	-0.390667	-0.150210	-0.073044
-0.198283	-0.390945	-0.149210	-0.073205
-0.197283	-0.391223	-0.148210	-0.073367
-0.196283	-0.391500	-0.147210	-0.073530
-0.195283	-0.391776	-0.146210	-0.073695
-0.194283	-0.392052	-0.145210	-0.073861
-0.193283	-0.392326	-0.144210	-0.074029
-0.192283	-0.392600	-0.143210	-0.074198
-0.191283	-0.392874	-0.142210	-0.074369
-0.190283	-0.393146	-0.141210	-0.074542
-0.189283	-0.393418	-0.140210	-0.074717
-0.188283	-0.393689	-0.139210	-0.074893
-0.187283	-0.393960	-0.138210	-0.075072
-0.186283	-0.394230	-0.137210	-0.075253
-0.185283	-0.394500	-0.136210	-0.075436
-0.184283	-0.394769	-0.135210	-0.075621
-0.183283	-0.395038	-0.134210	-0.075809
-0.182283	-0.395306	-0.133210	-0.075999
-0.181283	-0.395574	-0.132210	-0.076193
-0.180283	-0.395841	-0.131210	-0.076388
-0.179283	-0.396108	-0.130210	-0.076587
-0.178283	-0.396375	-0.129210	-0.076789
-0.177283	-0.396642	-0.128210	-0.076994
-0.176283	-0.396908	-0.127210	-0.077203
-0.175283	-0.397174	-0.126210	-0.077415
-0.174283	-0.397440	-0.125210	-0.077631
-0.173283	-0.397706	-0.124210	-0.077852
-0.172283	-0.397972	-0.123210	-0.078076
-0.171283	-0.398238	-0.122210	-0.078305
-0.170283	-0.398504	-0.121210	-0.078539
-0.169283	-0.398770	-0.120210	-0.078779
-0.168283	-0.399037	-0.119210	-0.079023
-0.167283	-0.399303	-0.118210	-0.079274
-0.166283	-0.399570	-0.117210	-0.079530
-0.165283	-0.399837	-0.116210	-0.079794
-0.164283	-0.400105	-0.115210	-0.080064
-0.163283	-0.400373	-0.114210	-0.080343
-0.162283	-0.400642	-0.113210	-0.080629
-0.161283	-0.400911	-0.112210	-0.080925
-0.160283	-0.401181	-0.111210	-0.081230
-0.159283	-0.401453	-0.110210	-0.081545
-0.158283	-0.401725	-0.109210	-0.081872
-0.157283	-0.401998	-0.108210	-0.082211
-0.156283	-0.402273	-0.107210	-0.082564
-0.155283	-0.402549	-0.106210	-0.082931
-0.154283	-0.402827	-0.105210	-0.083314
-0.153283	-0.403106	-0.104210	-0.083715
-0.152283	-0.403388	-0.103210	-0.084136
-0.151283	-0.403671	-0.102210	-0.084578
-0.150283	-0.403957	-0.101210	-0.085045
-0.149283	-0.404246	-0.100210	-0.085538
-0.148283	-0.404538	-0.099210	-0.086062
-0.147283	-0.404833	-0.098210	-0.086619
-0.146283	-0.405132	-0.097210	-0.087216
-0.145283	-0.405436	-0.096210	-0.087857
-0.144283	-0.405744	-0.095210	-0.088548
-0.143283	-0.406057	-0.094210	-0.089298
-0.142283	-0.406376	-0.093210	-0.090117
-0.141283	-0.406701	-0.092210	-0.091015
-0.140283	-0.407035	-0.091210	-0.092009
-0.139283	-0.407376	-0.090210	-0.093117
-0.138283	-0.407728	-0.089210	-0.094362
-0.137283	-0.408090	-0.088210	-0.095778
-0.136283	-0.408465	-0.087210	-0.097404
-0.135283	-0.408855	-0.086210	-0.099298
-0.134283	-0.409262	-0.085210	-0.101539
-0.133283	-0.409689	-0.084210	-0.104240
-0.132283	-0.410139	-0.083210	-0.107565
-0.131283	-0.410617	-0.082210	-0.111771
-0.130283	-0.411129	-0.081210	-0.117268
-0.129283	-0.411681	-0.080210	-0.124751
-0.128283	-0.412283	-0.079210	-0.135462
-0.127283	-0.412947	-0.078210	-0.151664
-0.126283	-0.413691	-0.077210	-0.176328
-0.125283	-0.414536	-0.076210	-0.191447
-0.124283	-0.415516	-0.075210	-0.038064
-0.123283	-0.416678	-0.074210	+0.032089
-0.122283	-0.418096	-0.073210	+0.005760
-0.121283	-0.419887	-0.072210	-0.015472
-0.120283	-0.422247	-0.071210	-0.029231
-0.119283	-0.425523	-0.070210	-0.038520
-0.118283	-0.430350	-0.069210	-0.045148
-0.117283	-0.437686	-0.068210	-0.050104
-0.116283	-0.444731	-0.067210	-0.053952
-0.115283	-0.407961	-0.066210	-0.057032
-0.114283	-0.374676	-0.065210	-0.059561
-0.113283	-0.382139	-0.064210	-0.061681
-0.112283	-0.389334	-0.063210	-0.063490
-0.111283	-0.394062	-0.062210	-0.065057
-0.110283	-0.397278	-0.061210	-0.066432
-0.109283	-0.399599	-0.060210	-0.067653
-0.108283	-0.401364	-0.059210	-0.068748
-0.107283	-0.402762	-0.058210	-0.069739
-0.106283	-0.403908	-0.057210	-0.070643
-0.105283	-0.404874	-0.056210	-0.071474
-0.104283	-0.405707	-0.055210	-0.072243
-0.103283	-0.406439	-0.054210	-0.072959
-0.102283	-0.407092	-0.053210	-0.073629
-0.101283	-0.407683	-0.052210	-0.074260
-0.100283	-0.408223	-0.051210	-0.074856
-0.099283	-0.408723	-0.050210	-0.075422
-0.098283	-0.409189	-0.049210	-0.075961
-0.097283	-0.409627	-0.048210	-0.076477
-0.096283	-0.410041	-0.047210	-0.076973
-0.095283	-0.410435	-0.046210	-0.077450
-0.094283	-0.410811	-0.045210	-0.077911
-0.093283	-0.411171	-0.044210	-0.078357
-0.092283	-0.411519	-0.043210	-0.078791
-0.091283	-0.411855	-0.042210	-0.079213
-0.090283	-0.412180	-0.041210	-0.079625
-0.089283	-0.412497	-0.040210	-0.080028
-0.088283	-0.412805	-0.039210	-0.080424
-0.087283	-0.413106	-0.038210	-0.080812
-0.086283	-0.413401	-0.037210	-0.081193
-0.085283	-0.413690	-0.036210	-0.081569
-0.084283	-0.413973	-0.035210	-0.081940
-0.083283	-0.414252	-0.034210	-0.082307
-0.082283	-0.414526	-0.033210	-0.082671
-0.081283	-0.414796	-0.032210	-0.083031
-0.080283	-0.415063	-0.031210	-0.083389
-0.079283	-0.415326	-0.030210	-0.083744
-0.078283	-0.415586	-0.029210	-0.084098
-0.077283	-0.415843	-0.028210	-0.084451
-0.076283	-0.416098	-0.027210	-0.084803
-0.075283	-0.416350	-0.026210	-0.085154
