#omega_28	E_QP(omega)_28#	omega_29	E_QP(omega)_29
-0.327646	-0.215766	-0.261042	+0.010322
-0.326646	-0.218177	-0.260042	+0.005430
-0.325646	-0.220597	-0.259042	-0.000734
-0.324646	-0.223117	-0.258042	-0.009280
-0.323646	-0.225822	-0.257042	-0.020667
-0.322646	-0.227662	-0.256042	-0.013912
-0.321646	-0.223958	-0.255042	+0.032492
-0.320646	-0.224682	-0.254042	+0.038316
-0.319646	-0.227189	-0.253042	+0.064370
-0.318646	-0.229422	-0.252042	+0.058089
-0.317646	-0.231406	-0.251042	+0.049178
-0.316646	-0.233233	-0.250042	+0.043013
-0.315646	-0.234957	-0.249042	+0.038681
-0.314646	-0.236607	-0.248042	+0.035468
-0.313646	-0.238205	-0.247042	+0.032971
-0.312646	-0.239762	-0.246042	+0.030957
-0.311646	-0.241288	-0.245042	+0.029285
-0.310646	-0.242791	-0.244042	+0.027863
-0.309646	-0.244278	-0.243042	+0.026631
-0.308646	-0.245755	-0.242042	+0.025546
-0.307646	-0.247227	-0.241042	+0.024578
-0.306646	-0.248702	-0.240042	+0.023705
-0.305646	-0.250184	-0.239042	+0.022910
-0.304646	-0.251683	-0.238042	+0.022180
-0.303646	-0.253206	-0.237042	+0.021505
-0.302646	-0.254766	-0.236042	+0.020876
-0.301646	-0.256376	-0.235042	+0.020288
-0.300646	-0.258054	-0.234042	+0.019736
-0.299646	-0.259825	-0.233042	+0.019214
-0.298646	-0.261723	-0.232042	+0.018719
-0.297646	-0.263797	-0.231042	+0.018248
-0.296646	-0.266123	-0.230042	+0.017799
-0.295646	-0.268820	-0.229042	+0.017369
-0.294646	-0.272082	-0.228042	+0.016957
-0.293646	-0.276259	-0.227042	+0.016560
-0.292646	-0.281983	-0.226042	+0.016178
-0.291646	-0.290239	-0.225042	+0.015809
-0.290646	-0.298887	-0.224042	+0.015452
-0.289646	-0.266289	-0.223042	+0.015106
-0.288646	-0.228622	-0.222042	+0.014771
-0.287646	-0.236712	-0.221042	+0.014445
-0.286646	-0.245277	-0.220042	+0.014127
-0.285646	-0.251326	-0.219042	+0.013818
-0.284646	-0.255862	-0.218042	+0.013516
-0.283646	-0.259082	-0.217042	+0.013222
-0.282646	-0.260313	-0.216042	+0.012934
-0.281646	-0.261938	-0.215042	+0.012652
-0.280646	-0.264322	-0.214042	+0.012376
-0.279646	-0.266515	-0.213042	+0.012106
-0.278646	-0.268515	-0.212042	+0.011841
-0.277646	-0.270390	-0.211042	+0.011580
-0.276646	-0.272191	-0.210042	+0.011325
-0.275646	-0.273952	-0.209042	+0.011074
-0.274646	-0.275703	-0.208042	+0.010826
-0.273646	-0.277466	-0.207042	+0.010583
-0.272646	-0.279266	-0.206042	+0.010344
-0.271646	-0.281130	-0.205042	+0.010108
-0.270646	-0.283092	-0.204042	+0.009875
-0.269646	-0.285197	-0.203042	+0.009646
-0.268646	-0.287512	-0.202042	+0.009419
-0.267646	-0.290019	-0.201042	+0.009196
-0.266646	-0.291570	-0.200042	+0.008975
-0.265646	-0.292238	-0.199042	+0.008757
-0.264646	-0.294860	-0.198042	+0.008542
-0.263646	-0.298506	-0.197042	+0.008329
-0.262646	-0.302589	-0.196042	+0.008118
-0.261646	-0.307322	-0.195042	+0.007910
-0.260646	-0.313049	-0.194042	+0.007704
-0.259646	-0.320289	-0.193042	+0.007499
-0.258646	-0.329893	-0.192042	+0.007297
-0.257646	-0.343336	-0.191042	+0.007097
-0.256646	-0.362666	-0.190042	+0.006898
-0.255646	-0.385680	-0.189042	+0.006701
-0.254646	-0.407447	-0.188042	+0.006506
-0.253646	-0.262751	-0.187042	+0.006313
-0.252646	-0.142178	-0.186042	+0.006121
-0.251646	-0.171620	-0.185042	+0.005930
-0.250646	-0.199055	-0.184042	+0.005741
-0.249646	-0.217027	-0.183042	+0.005554
-0.248646	-0.229222	-0.182042	+0.005367
-0.247646	-0.237987	-0.181042	+0.005182
-0.246646	-0.244609	-0.180042	+0.004999
-0.245646	-0.249818	-0.179042	+0.004816
-0.244646	-0.254049	-0.178042	+0.004634
-0.243646	-0.257579	-0.177042	+0.004454
-0.242646	-0.260589	-0.176042	+0.004275
-0.241646	-0.263202	-0.175042	+0.004097
-0.240646	-0.265506	-0.174042	+0.003919
-0.239646	-0.267564	-0.173042	+0.003743
-0.238646	-0.269424	-0.172042	+0.003567
-0.237646	-0.271120	-0.171042	+0.003393
-0.236646	-0.272681	-0.170042	+0.003219
-0.235646	-0.274128	-0.169042	+0.003046
-0.234646	-0.275478	-0.168042	+0.002874
-0.233646	-0.276744	-0.167042	+0.002703
-0.232646	-0.277939	-0.166042	+0.002532
-0.231646	-0.279070	-0.165042	+0.002362
-0.230646	-0.280147	-0.164042	+0.002193
-0.229646	-0.281175	-0.163042	+0.002025
-0.228646	-0.282159	-0.162042	+0.001857
-0.227646	-0.283105	-0.161042	+0.001689
-0.226646	-0.284016	-0.160042	+0.001522
-0.225646	-0.284895	-0.159042	+0.001356
-0.224646	-0.285746	-0.158042	+0.001191
-0.223646	-0.286571	-0.157042	+0.001025
-0.222646	-0.287372	-0.156042	+0.000861
-0.221646	-0.288151	-0.155042	+0.000696
-0.220646	-0.288910	-0.154042	+0.000532
-0.219646	-0.289651	-0.153042	+0.000369
-0.218646	-0.290374	-0.152042	+0.000206
-0.217646	-0.291081	-0.151042	+0.000043
-0.216646	-0.291774	-0.150042	-0.000119
-0.215646	-0.292452	-0.149042	-0.000281
-0.214646	-0.293118	-0.148042	-0.000442
-0.213646	-0.293771	-0.147042	-0.000604
-0.212646	-0.294413	-0.146042	-0.000765
-0.211646	-0.295044	-0.145042	-0.000925
-0.210646	-0.295664	-0.144042	-0.001086
-0.209646	-0.296275	-0.143042	-0.001246
-0.208646	-0.296877	-0.142042	-0.001406
-0.207646	-0.297470	-0.141042	-0.001566
-0.206646	-0.298054	-0.140042	-0.001725
-0.205646	-0.298631	-0.139042	-0.001885
-0.204646	-0.299200	-0.138042	-0.002044
-0.203646	-0.299762	-0.137042	-0.002203
-0.202646	-0.300317	-0.136042	-0.002362
-0.201646	-0.300866	-0.135042	-0.002521
-0.200646	-0.301408	-0.134042	-0.002680
-0.199646	-0.301944	-0.133042	-0.002839
-0.198646	-0.302474	-0.132042	-0.002998
-0.197646	-0.302998	-0.131042	-0.003156
-0.196646	-0.303517	-0.130042	-0.003315
-0.195646	-0.304031	-0.129042	-0.003473
-0.194646	-0.304539	-0.128042	-0.003632
-0.193646	-0.305043	-0.127042	-0.003791
-0.192646	-0.305542	-0.126042	-0.003949
-0.191646	-0.306036	-0.125042	-0.004108
-0.190646	-0.306526	-0.124042	-0.004267
-0.189646	-0.307012	-0.123042	-0.004425
-0.188646	-0.307493	-0.122042	-0.004584
-0.187646	-0.307971	-0.121042	-0.004743
-0.186646	-0.308444	-0.120042	-0.004902
-0.185646	-0.308914	-0.119042	-0.005062
-0.184646	-0.309380	-0.118042	-0.005221
-0.183646	-0.309842	-0.117042	-0.005381
-0.182646	-0.310301	-0.116042	-0.005540
-0.181646	-0.310756	-0.115042	-0.005700
-0.180646	-0.311208	-0.114042	-0.005860
-0.179646	-0.311657	-0.113042	-0.006021
-0.178646	-0.312102	-0.112042	-0.006181
-0.177646	-0.312545	-0.111042	-0.006342
-0.176646	-0.312984	-0.110042	-0.006504
-0.175646	-0.313420	-0.109042	-0.006665
-0.174646	-0.313854	-0.108042	-0.006827
-0.173646	-0.314284	-0.107042	-0.006989
-0.172646	-0.314712	-0.106042	-0.007152
-0.171646	-0.315137	-0.105042	-0.007314
-0.170646	-0.315560	-0.104042	-0.007478
-0.169646	-0.315980	-0.103042	-0.007642
-0.168646	-0.316397	-0.102042	-0.007806
-0.167646	-0.316811	-0.101042	-0.007970
-0.166646	-0.317224	-0.100042	-0.008135
-0.165646	-0.317634	-0.099042	-0.008301
-0.164646	-0.318041	-0.098042	-0.008467
-0.163646	-0.318446	-0.097042	-0.008634
-0.162646	-0.318849	-0.096042	-0.008801
-0.161646	-0.319250	-0.095042	-0.008969
-0.160646	-0.319648	-0.094042	-0.009138
-0.159646	-0.320044	-0.093042	-0.009307
-0.158646	-0.320439	-0.092042	-0.009477
-0.157646	-0.320831	-0.091042	-0.009648
-0.156646	-0.321221	-0.090042	-0.009819
-0.155646	-0.321609	-0.089042	-0.009992
-0.154646	-0.321995	-0.088042	-0.010165
-0.153646	-0.322379	-0.087042	-0.010339
-0.152646	-0.322761	-0.086042	-0.010514
-0.151646	-0.323141	-0.085042	-0.010690
-0.150646	-0.323520	-0.084042	-0.010867
-0.149646	-0.323896	-0.083042	-0.011045
-0.148646	-0.324271	-0.082042	-0.011225
-0.147646	-0.324644	-0.081042	-0.011405
-0.146646	-0.325015	-0.080042	-0.011587
-0.145646	-0.325385	-0.079042	-0.011771
-0.144646	-0.325753	-0.078042	-0.011955
-0.143646	-0.326119	-0.077042	-0.012142
-0.142646	-0.326484	-0.076042	-0.012330
-0.141646	-0.326847	-0.075042	-0.012519
-0.140646	-0.327208	-0.074042	-0.012711
-0.139646	-0.327568	-0.073042	-0.012904
-0.138646	-0.327927	-0.072042	-0.013100
-0.137646	-0.328283	-0.071042	-0.013297
-0.136646	-0.328639	-0.070042	-0.013498
-0.135646	-0.328993	-0.069042	-0.013700
-0.134646	-0.329345	-0.068042	-0.013906
-0.133646	-0.329696	-0.067042	-0.014115
-0.132646	-0.330046	-0.066042	-0.014327
-0.131646	-0.330394	-0.065042	-0.014542
-0.130646	-0.330741	-0.064042	-0.014761
-0.129646	-0.331086	-0.063042	-0.014985
-0.128646	-0.331431	-0.062042	-0.015213
-0.127646	-0.331774	-0.061042	-0.015447
-0.126646	-0.332115	-0.060042	-0.015686
-0.125646	-0.332456	-0.059042	-0.015932
-0.124646	-0.332795	-0.058042	-0.016185
-0.123646	-0.333133	-0.057042	-0.016445
-0.122646	-0.333470	-0.056042	-0.016715
-0.121646	-0.333805	-0.055042	-0.016996
-0.120646	-0.334140	-0.054042	-0.017288
-0.119646	-0.334473	-0.053042	-0.017594
-0.118646	-0.334805	-0.052042	-0.017917
-0.117646	-0.335136	-0.051042	-0.018258
-0.116646	-0.335466	-0.050042	-0.018622
-0.115646	-0.335795	-0.049042	-0.019013
-0.114646	-0.336123	-0.048042	-0.019437
-0.113646	-0.336450	-0.047042	-0.019902
-0.112646	-0.336776	-0.046042	-0.020419
-0.111646	-0.337100	-0.045042	-0.021003
-0.110646	-0.337424	-0.044042	-0.021674
-0.109646	-0.337747	-0.043042	-0.022462
-0.108646	-0.338069	-0.042042	-0.023416
-0.107646	-0.338390	-0.041042	-0.024607
-0.106646	-0.338711	-0.040042	-0.026161
-0.105646	-0.339030	-0.039042	-0.028295
-0.104646	-0.339349	-0.038042	-0.031408
-0.103646	-0.339666	-0.037042	-0.036126
-0.102646	-0.339983	-0.036042	-0.041154
-0.101646	-0.340299	-0.035042	-0.020360
-0.100646	-0.340615	-0.034042	+0.004590
-0.099646	-0.340930	-0.033042	+0.000061
-0.098646	-0.341244	-0.032042	-0.004828
-0.097646	-0.341557	-0.031042	-0.008064
-0.096646	-0.341870	-0.030042	-0.010275
-0.095646	-0.342182	-0.029042	-0.011879
-0.094646	-0.342493	-0.028042	-0.013109
-0.093646	-0.342804	-0.027042	-0.014093
-0.092646	-0.343114	-0.026042	-0.014910
-0.091646	-0.343424	-0.025042	-0.015607
-0.090646	-0.343734	-0.024042	-0.016216
-0.089646	-0.344043	-0.023042	-0.016759
-0.088646	-0.344351	-0.022042	-0.017251
-0.087646	-0.344660	-0.021042	-0.017703
-0.086646	-0.344968	-0.020042	-0.018122
-0.085646	-0.345275	-0.019042	-0.018516
-0.084646	-0.345583	-0.018042	-0.018889
-0.083646	-0.345890	-0.017042	-0.019245
-0.082646	-0.346197	-0.016042	-0.019586
-0.081646	-0.346505	-0.015042	-0.019914
-0.080646	-0.346812	-0.014042	-0.020233
-0.079646	-0.347119	-0.013042	-0.020543
-0.078646	-0.347426	-0.012042	-0.020846
-0.077646	-0.347734	-0.011042	-0.021142
-0.076646	-0.348042	-0.010042	-0.021434
-0.075646	-0.348350	-0.009042	-0.021720
-0.074646	-0.348659	-0.008042	-0.022003
-0.073646	-0.348969	-0.007042	-0.022283
-0.072646	-0.349279	-0.006042	-0.022560
-0.071646	-0.349590	-0.005042	-0.022834
-0.070646	-0.349902	-0.004042	-0.023107
-0.069646	-0.350215	-0.003042	-0.023378
-0.068646	-0.350530	-0.002042	-0.023648
-0.067646	-0.350846	-0.001042	-0.023917
-0.066646	-0.351164	-0.000042	-0.024186
-0.065646	-0.351484	+0.000958	-0.024454
-0.064646	-0.351807	+0.001958	-0.024721
-0.063646	-0.352132	+0.002958	-0.024989
-0.062646	-0.352460	+0.003958	-0.025257
-0.061646	-0.352792	+0.004958	-0.025525
-0.060646	-0.353127	+0.005958	-0.025793
-0.059646	-0.353467	+0.006958	-0.026062
-0.058646	-0.353812	+0.007958	-0.026332
-0.057646	-0.354164	+0.008958	-0.026602
-0.056646	-0.354522	+0.009958	-0.026874
-0.055646	-0.354888	+0.010958	-0.027147
-0.054646	-0.355264	+0.011958	-0.027420
-0.053646	-0.355650	+0.012958	-0.027695
-0.052646	-0.356049	+0.013958	-0.027972
-0.051646	-0.356464	+0.014958	-0.028250
-0.050646	-0.356897	+0.015958	-0.028530
-0.049646	-0.357352	+0.016958	-0.028811
-0.048646	-0.357834	+0.017958	-0.029094
-0.047646	-0.358350	+0.018958	-0.029379
-0.046646	-0.358908	+0.019958	-0.029666
-0.045646	-0.359520	+0.020958	-0.029955
-0.044646	-0.360201	+0.021958	-0.030246
-0.043646	-0.360977	+0.022958	-0.030540
-0.042646	-0.361880	+0.023958	-0.030836
-0.041646	-0.362965	+0.024958	-0.031134
-0.040646	-0.364319	+0.025958	-0.031436
-0.039646	-0.366091	+0.026958	-0.031739
-0.038646	-0.368549	+0.027958	-0.032046
-0.037646	-0.372175	+0.028958	-0.032355
-0.036646	-0.377472	+0.029958	-0.032668
-0.035646	-0.378322	+0.030958	-0.032983
-0.034646	-0.344244	+0.031958	-0.033302
-0.033646	-0.337096	+0.032958	-0.033625
-0.032646	-0.342617	+0.033958	-0.033951
-0.031646	-0.346716	+0.034958	-0.034280
-0.030646	-0.349454	+0.035958	-0.034613
-0.029646	-0.351390	+0.036958	-0.034950
-0.028646	-0.352842	+0.037958	-0.035292
-0.027646	-0.353989	+0.038958	-0.035637
