#omega_20	E_QP(omega)_20#	omega_21	E_QP(omega)_21
-0.396504	-0.348895	-0.298381	-0.023214
-0.395504	-0.352485	-0.297381	-0.023404
-0.394504	-0.355764	-0.296381	-0.023592
-0.393504	-0.358854	-0.295381	-0.023778
-0.392504	-0.361859	-0.294381	-0.023962
-0.391504	-0.364883	-0.293381	-0.024144
-0.390504	-0.368056	-0.292381	-0.024324
-0.389504	-0.371570	-0.291381	-0.024503
-0.388504	-0.375732	-0.290381	-0.024679
-0.387504	-0.380732	-0.289381	-0.024854
-0.386504	-0.381356	-0.288381	-0.025027
-0.385504	-0.365343	-0.287381	-0.025198
-0.384504	-0.366262	-0.286381	-0.025368
-0.383504	-0.371625	-0.285381	-0.025537
-0.382504	-0.376360	-0.284381	-0.025704
-0.381504	-0.380706	-0.283381	-0.025869
-0.380504	-0.385044	-0.282381	-0.026034
-0.379504	-0.389697	-0.281381	-0.026197
-0.378504	-0.394981	-0.280381	-0.026359
-0.377504	-0.400400	-0.279381	-0.026519
-0.376504	-0.398564	-0.278381	-0.026679
-0.375504	-0.399925	-0.277381	-0.026837
-0.374504	-0.408009	-0.276381	-0.026995
-0.373504	-0.417423	-0.275381	-0.027151
-0.372504	-0.428620	-0.274381	-0.027306
-0.371504	-0.442855	-0.273381	-0.027461
-0.370504	-0.462126	-0.272381	-0.027614
-0.369504	-0.489942	-0.271381	-0.027767
-0.368504	-0.532352	-0.270381	-0.027918
-0.367504	-0.590672	-0.269381	-0.028069
-0.366504	-0.519794	-0.268381	-0.028219
-0.365504	-0.141205	-0.267381	-0.028368
-0.364504	-0.143398	-0.266381	-0.028517
-0.363504	-0.199457	-0.265381	-0.028664
-0.362504	-0.237285	-0.264381	-0.028812
-0.361504	-0.262165	-0.263381	-0.028958
-0.360504	-0.279441	-0.262381	-0.029104
-0.359504	-0.292083	-0.261381	-0.029249
-0.358504	-0.301737	-0.260381	-0.029393
-0.357504	-0.309369	-0.259381	-0.029537
-0.356504	-0.315571	-0.258381	-0.029680
-0.355504	-0.320729	-0.257381	-0.029823
-0.354504	-0.325100	-0.256381	-0.029965
-0.353504	-0.328864	-0.255381	-0.030107
-0.352504	-0.332151	-0.254381	-0.030248
-0.351504	-0.335055	-0.253381	-0.030388
-0.350504	-0.337647	-0.252381	-0.030529
-0.349504	-0.339981	-0.251381	-0.030668
-0.348504	-0.342101	-0.250381	-0.030808
-0.347504	-0.344039	-0.249381	-0.030947
-0.346504	-0.345823	-0.248381	-0.031085
-0.345504	-0.347473	-0.247381	-0.031223
-0.344504	-0.349008	-0.246381	-0.031361
-0.343504	-0.350443	-0.245381	-0.031498
-0.342504	-0.351790	-0.244381	-0.031635
-0.341504	-0.353058	-0.243381	-0.031772
-0.340504	-0.354257	-0.242381	-0.031908
-0.339504	-0.355394	-0.241381	-0.032044
-0.338504	-0.356476	-0.240381	-0.032180
-0.337504	-0.357508	-0.239381	-0.032316
-0.336504	-0.358494	-0.238381	-0.032451
-0.335504	-0.359439	-0.237381	-0.032586
-0.334504	-0.360347	-0.236381	-0.032721
-0.333504	-0.361221	-0.235381	-0.032855
-0.332504	-0.362063	-0.234381	-0.032989
-0.331504	-0.362877	-0.233381	-0.033123
-0.330504	-0.363664	-0.232381	-0.033257
-0.329504	-0.364426	-0.231381	-0.033391
-0.328504	-0.365165	-0.230381	-0.033524
-0.327504	-0.365883	-0.229381	-0.033658
-0.326504	-0.366582	-0.228381	-0.033791
-0.325504	-0.367262	-0.227381	-0.033924
-0.324504	-0.367924	-0.226381	-0.034056
-0.323504	-0.368571	-0.225381	-0.034189
-0.322504	-0.369202	-0.224381	-0.034322
-0.321504	-0.369820	-0.223381	-0.034454
-0.320504	-0.370423	-0.222381	-0.034587
-0.319504	-0.371014	-0.221381	-0.034719
-0.318504	-0.371593	-0.220381	-0.034851
-0.317504	-0.372161	-0.219381	-0.034983
-0.316504	-0.372718	-0.218381	-0.035115
-0.315504	-0.373265	-0.217381	-0.035247
-0.314504	-0.373802	-0.216381	-0.035379
-0.313504	-0.374330	-0.215381	-0.035511
-0.312504	-0.374850	-0.214381	-0.035642
-0.311504	-0.375360	-0.213381	-0.035774
-0.310504	-0.375863	-0.212381	-0.035906
-0.309504	-0.376359	-0.211381	-0.036038
-0.308504	-0.376847	-0.210381	-0.036169
-0.307504	-0.377328	-0.209381	-0.036301
-0.306504	-0.377802	-0.208381	-0.036433
-0.305504	-0.378270	-0.207381	-0.036564
-0.304504	-0.378732	-0.206381	-0.036696
-0.303504	-0.379188	-0.205381	-0.036828
-0.302504	-0.379638	-0.204381	-0.036960
-0.301504	-0.380083	-0.203381	-0.037091
-0.300504	-0.380522	-0.202381	-0.037223
-0.299504	-0.380956	-0.201381	-0.037355
-0.298504	-0.381386	-0.200381	-0.037487
-0.297504	-0.381811	-0.199381	-0.037619
-0.296504	-0.382231	-0.198381	-0.037751
-0.295504	-0.382646	-0.197381	-0.037884
-0.294504	-0.383058	-0.196381	-0.038016
-0.293504	-0.383465	-0.195381	-0.038148
-0.292504	-0.383869	-0.194381	-0.038281
-0.291504	-0.384268	-0.193381	-0.038414
-0.290504	-0.384664	-0.192381	-0.038546
-0.289504	-0.385056	-0.191381	-0.038679
-0.288504	-0.385444	-0.190381	-0.038812
-0.287504	-0.385829	-0.189381	-0.038945
-0.286504	-0.386211	-0.188381	-0.039079
-0.285504	-0.386590	-0.187381	-0.039212
-0.284504	-0.386965	-0.186381	-0.039346
-0.283504	-0.387337	-0.185381	-0.039479
-0.282504	-0.387707	-0.184381	-0.039613
-0.281504	-0.388073	-0.183381	-0.039747
-0.280504	-0.388437	-0.182381	-0.039882
-0.279504	-0.388797	-0.181381	-0.040016
-0.278504	-0.389156	-0.180381	-0.040151
-0.277504	-0.389511	-0.179381	-0.040286
-0.276504	-0.389864	-0.178381	-0.040421
-0.275504	-0.390214	-0.177381	-0.040556
-0.274504	-0.390563	-0.176381	-0.040691
-0.273504	-0.390908	-0.175381	-0.040827
-0.272504	-0.391251	-0.174381	-0.040963
-0.271504	-0.391593	-0.173381	-0.041099
-0.270504	-0.391931	-0.172381	-0.041236
-0.269504	-0.392268	-0.171381	-0.041373
-0.268504	-0.392603	-0.170381	-0.041509
-0.267504	-0.392935	-0.169381	-0.041647
-0.266504	-0.393265	-0.168381	-0.041784
-0.265504	-0.393594	-0.167381	-0.041922
-0.264504	-0.393920	-0.166381	-0.042060
-0.263504	-0.394245	-0.165381	-0.042199
-0.262504	-0.394568	-0.164381	-0.042337
-0.261504	-0.394889	-0.163381	-0.042476
-0.260504	-0.395208	-0.162381	-0.042616
-0.259504	-0.395525	-0.161381	-0.042755
-0.258504	-0.395841	-0.160381	-0.042895
-0.257504	-0.396155	-0.159381	-0.043036
-0.256504	-0.396467	-0.158381	-0.043177
-0.255504	-0.396778	-0.157381	-0.043318
-0.254504	-0.397087	-0.156381	-0.043459
-0.253504	-0.397394	-0.155381	-0.043601
-0.252504	-0.397700	-0.154381	-0.043743
-0.251504	-0.398005	-0.153381	-0.043886
-0.250504	-0.398308	-0.152381	-0.044029
-0.249504	-0.398609	-0.151381	-0.044172
-0.248504	-0.398909	-0.150381	-0.044316
-0.247504	-0.399208	-0.149381	-0.044460
-0.246504	-0.399505	-0.148381	-0.044605
-0.245504	-0.399801	-0.147381	-0.044750
-0.244504	-0.400096	-0.146381	-0.044895
-0.243504	-0.400389	-0.145381	-0.045041
-0.242504	-0.400681	-0.144381	-0.045187
-0.241504	-0.400972	-0.143381	-0.045334
-0.240504	-0.401262	-0.142381	-0.045482
-0.239504	-0.401550	-0.141381	-0.045630
-0.238504	-0.401837	-0.140381	-0.045778
-0.237504	-0.402123	-0.139381	-0.045927
-0.236504	-0.402408	-0.138381	-0.046076
-0.235504	-0.402692	-0.137381	-0.046226
-0.234504	-0.402974	-0.136381	-0.046377
-0.233504	-0.403256	-0.135381	-0.046528
-0.232504	-0.403536	-0.134381	-0.046679
-0.231504	-0.403815	-0.133381	-0.046831
-0.230504	-0.404093	-0.132381	-0.046984
-0.229504	-0.404371	-0.131381	-0.047137
-0.228504	-0.404647	-0.130381	-0.047291
-0.227504	-0.404922	-0.129381	-0.047446
-0.226504	-0.405196	-0.128381	-0.047601
-0.225504	-0.405469	-0.127381	-0.047757
-0.224504	-0.405741	-0.126381	-0.047913
-0.223504	-0.406013	-0.125381	-0.048070
-0.222504	-0.406283	-0.124381	-0.048228
-0.221504	-0.406552	-0.123381	-0.048386
-0.220504	-0.406821	-0.122381	-0.048545
-0.219504	-0.407089	-0.121381	-0.048705
-0.218504	-0.407355	-0.120381	-0.048865
-0.217504	-0.407621	-0.119381	-0.049027
-0.216504	-0.407886	-0.118381	-0.049189
-0.215504	-0.408151	-0.117381	-0.049351
-0.214504	-0.408414	-0.116381	-0.049515
-0.213504	-0.408677	-0.115381	-0.049679
-0.212504	-0.408938	-0.114381	-0.049844
-0.211504	-0.409199	-0.113381	-0.050010
-0.210504	-0.409460	-0.112381	-0.050177
-0.209504	-0.409719	-0.111381	-0.050345
-0.208504	-0.409978	-0.110381	-0.050513
-0.207504	-0.410236	-0.109381	-0.050682
-0.206504	-0.410493	-0.108381	-0.050853
-0.205504	-0.410750	-0.107381	-0.051024
-0.204504	-0.411005	-0.106381	-0.051196
-0.203504	-0.411261	-0.105381	-0.051369
-0.202504	-0.411515	-0.104381	-0.051543
-0.201504	-0.411769	-0.103381	-0.051718
-0.200504	-0.412022	-0.102381	-0.051894
-0.199504	-0.412274	-0.101381	-0.052071
-0.198504	-0.412526	-0.100381	-0.052249
-0.197504	-0.412777	-0.099381	-0.052428
-0.196504	-0.413028	-0.098381	-0.052609
-0.195504	-0.413278	-0.097381	-0.052790
-0.194504	-0.413527	-0.096381	-0.052973
-0.193504	-0.413776	-0.095381	-0.053156
-0.192504	-0.414024	-0.094381	-0.053341
-0.191504	-0.414272	-0.093381	-0.053527
-0.190504	-0.414519	-0.092381	-0.053715
-0.189504	-0.414766	-0.091381	-0.053903
-0.188504	-0.415012	-0.090381	-0.054093
-0.187504	-0.415257	-0.089381	-0.054284
-0.186504	-0.415502	-0.088381	-0.054477
-0.185504	-0.415747	-0.087381	-0.054671
-0.184504	-0.415990	-0.086381	-0.054866
-0.183504	-0.416234	-0.085381	-0.055063
-0.182504	-0.416477	-0.084381	-0.055262
-0.181504	-0.416719	-0.083381	-0.055461
-0.180504	-0.416961	-0.082381	-0.055663
-0.179504	-0.417203	-0.081381	-0.055866
-0.178504	-0.417444	-0.080381	-0.056071
-0.177504	-0.417685	-0.079381	-0.056277
-0.176504	-0.417925	-0.078381	-0.056485
-0.175504	-0.418165	-0.077381	-0.056695
-0.174504	-0.418404	-0.076381	-0.056907
-0.173504	-0.418643	-0.075381	-0.057120
-0.172504	-0.418882	-0.074381	-0.057335
-0.171504	-0.419120	-0.073381	-0.057553
-0.170504	-0.419358	-0.072381	-0.057772
-0.169504	-0.419596	-0.071381	-0.057994
-0.168504	-0.419833	-0.070381	-0.058217
-0.167504	-0.420070	-0.069381	-0.058443
-0.166504	-0.420306	-0.068381	-0.058671
-0.165504	-0.420542	-0.067381	-0.058902
-0.164504	-0.420778	-0.066381	-0.059134
-0.163504	-0.421014	-0.065381	-0.059370
-0.162504	-0.421249	-0.064381	-0.059608
-0.161504	-0.421484	-0.063381	-0.059848
-0.160504	-0.421719	-0.062381	-0.060091
-0.159504	-0.421953	-0.061381	-0.060337
-0.158504	-0.422187	-0.060381	-0.060586
-0.157504	-0.422421	-0.059381	-0.060838
-0.156504	-0.422655	-0.058381	-0.061093
-0.155504	-0.422888	-0.057381	-0.061352
-0.154504	-0.423122	-0.056381	-0.061614
-0.153504	-0.423355	-0.055381	-0.061879
-0.152504	-0.423588	-0.054381	-0.062148
-0.151504	-0.423820	-0.053381	-0.062421
-0.150504	-0.424053	-0.052381	-0.062697
-0.149504	-0.424285	-0.051381	-0.062978
-0.148504	-0.424517	-0.050381	-0.063264
-0.147504	-0.424749	-0.049381	-0.063554
-0.146504	-0.424981	-0.048381	-0.063848
-0.145504	-0.425213	-0.047381	-0.064148
-0.144504	-0.425445	-0.046381	-0.064453
-0.143504	-0.425677	-0.045381	-0.064764
-0.142504	-0.425908	-0.044381	-0.065081
-0.141504	-0.426140	-0.043381	-0.065405
-0.140504	-0.426371	-0.042381	-0.065735
-0.139504	-0.426602	-0.041381	-0.066074
-0.138504	-0.426834	-0.040381	-0.066420
-0.137504	-0.427065	-0.039381	-0.066776
-0.136504	-0.427297	-0.038381	-0.067143
-0.135504	-0.427528	-0.037381	-0.067522
-0.134504	-0.427759	-0.036381	-0.067915
-0.133504	-0.427991	-0.035381	-0.068326
-0.132504	-0.428222	-0.034381	-0.068760
-0.131504	-0.428454	-0.033381	-0.069227
-0.130504	-0.428686	-0.032381	-0.069740
-0.129504	-0.428918	-0.031381	-0.070328
-0.128504	-0.429150	-0.030381	-0.071017
-0.127504	-0.429382	-0.029381	-0.071448
-0.126504	-0.429614	-0.028381	-0.069990
-0.125504	-0.429846	-0.027381	-0.070080
-0.124504	-0.430079	-0.026381	-0.070830
-0.123504	-0.430312	-0.025381	-0.071514
-0.122504	-0.430545	-0.024381	-0.072140
-0.121504	-0.430779	-0.023381	-0.072741
-0.120504	-0.431012	-0.022381	-0.073334
-0.119504	-0.431246	-0.021381	-0.073931
-0.118504	-0.431481	-0.020381	-0.074538
-0.117504	-0.431715	-0.019381	-0.075161
-0.116504	-0.431951	-0.018381	-0.075805
-0.115504	-0.432186	-0.017381	-0.076474
-0.114504	-0.432422	-0.016381	-0.077171
-0.113504	-0.432659	-0.015381	-0.077900
-0.112504	-0.432896	-0.014381	-0.078667
-0.111504	-0.433133	-0.013381	-0.079475
-0.110504	-0.433371	-0.012381	-0.080331
-0.109504	-0.433610	-0.011381	-0.081241
-0.108504	-0.433849	-0.010381	-0.082213
-0.107504	-0.434089	-0.009381	-0.083257
-0.106504	-0.434330	-0.008381	-0.084382
-0.105504	-0.434571	-0.007381	-0.085602
-0.104504	-0.434814	-0.006381	-0.086934
-0.103504	-0.435057	-0.005381	-0.088398
-0.102504	-0.435301	-0.004381	-0.090020
-0.101504	-0.435546	-0.003381	-0.091832
-0.100504	-0.435792	-0.002381	-0.093878
-0.099504	-0.436039	-0.001381	-0.096213
-0.098504	-0.436287	-0.000381	-0.098914
-0.097504	-0.436536	+0.000619	-0.102087
-0.096504	-0.436786	+0.001619	-0.105882
