#omega_28	E_QP(omega)_28#	omega_29	E_QP(omega)_29
-0.325256	-0.213618	-0.260033	+0.007362
-0.324256	-0.216268	-0.259033	+0.003461
-0.323256	-0.217646	-0.258033	-0.000303
-0.322256	-0.220507	-0.257033	-0.004392
-0.321256	-0.223536	-0.256033	-0.009335
-0.320256	-0.226607	-0.255033	-0.015930
-0.319256	-0.229247	-0.254033	-0.025295
-0.318256	-0.227166	-0.253033	-0.034302
-0.317256	-0.227408	-0.252033	-0.000310
-0.316256	-0.230107	-0.251033	+0.020836
-0.315256	-0.232597	-0.250033	+0.025588
-0.314256	-0.234830	-0.249033	+0.048891
-0.313256	-0.236895	-0.248033	+0.041713
-0.312256	-0.238845	-0.247033	+0.033788
-0.311256	-0.240712	-0.246033	+0.028318
-0.310256	-0.242516	-0.245033	+0.024437
-0.309256	-0.244269	-0.244033	+0.021532
-0.308256	-0.245981	-0.243033	+0.019256
-0.307256	-0.247660	-0.242033	+0.017408
-0.306256	-0.249312	-0.241033	+0.015866
-0.305256	-0.250944	-0.240033	+0.014547
-0.304256	-0.252560	-0.239033	+0.013400
-0.303256	-0.254167	-0.238033	+0.012387
-0.302256	-0.255770	-0.237033	+0.011480
-0.301256	-0.257376	-0.236033	+0.010659
-0.300256	-0.258993	-0.235033	+0.009909
-0.299256	-0.260629	-0.234033	+0.009219
-0.298256	-0.262297	-0.233033	+0.008579
-0.297256	-0.264012	-0.232033	+0.007982
-0.296256	-0.265793	-0.231033	+0.007423
-0.295256	-0.267668	-0.230033	+0.006896
-0.294256	-0.269676	-0.229033	+0.006397
-0.293256	-0.271878	-0.228033	+0.005923
-0.292256	-0.274368	-0.227033	+0.005472
-0.291256	-0.277301	-0.226033	+0.005040
-0.290256	-0.280954	-0.225033	+0.004627
-0.289256	-0.285828	-0.224033	+0.004229
-0.288256	-0.292707	-0.223033	+0.003847
-0.287256	-0.299983	-0.222033	+0.003477
-0.286256	-0.274979	-0.221033	+0.003120
-0.285256	-0.244685	-0.220033	+0.002774
-0.284256	-0.251366	-0.219033	+0.002438
-0.283256	-0.258552	-0.218033	+0.002112
-0.282256	-0.263741	-0.217033	+0.001794
-0.281256	-0.267642	-0.216033	+0.001485
-0.280256	-0.269831	-0.215033	+0.001183
-0.279256	-0.271088	-0.214033	+0.000888
-0.278256	-0.273219	-0.213033	+0.000600
-0.277256	-0.275443	-0.212033	+0.000318
-0.276256	-0.277459	-0.211033	+0.000042
-0.275256	-0.279328	-0.210033	-0.000229
-0.274256	-0.281104	-0.209033	-0.000495
-0.273256	-0.282824	-0.208033	-0.000756
-0.272256	-0.284516	-0.207033	-0.001012
-0.271256	-0.286203	-0.206033	-0.001265
-0.270256	-0.287904	-0.205033	-0.001513
-0.269256	-0.289642	-0.204033	-0.001757
-0.268256	-0.291440	-0.203033	-0.001998
-0.267256	-0.293331	-0.202033	-0.002235
-0.266256	-0.295363	-0.201033	-0.002469
-0.265256	-0.297579	-0.200033	-0.002700
-0.264256	-0.299569	-0.199033	-0.002927
-0.263256	-0.300305	-0.198033	-0.003153
-0.262256	-0.301749	-0.197033	-0.003375
-0.261256	-0.304635	-0.196033	-0.003595
-0.260256	-0.307871	-0.195033	-0.003812
-0.259256	-0.311458	-0.194033	-0.004027
-0.258256	-0.315588	-0.193033	-0.004240
-0.257256	-0.320519	-0.192033	-0.004450
-0.256256	-0.326640	-0.191033	-0.004659
-0.255256	-0.334580	-0.190033	-0.004865
-0.254256	-0.345409	-0.189033	-0.005070
-0.253256	-0.360706	-0.188033	-0.005273
-0.252256	-0.379143	-0.187033	-0.005474
-0.251256	-0.404048	-0.186033	-0.005674
-0.250256	-0.379821	-0.185033	-0.005872
-0.249256	-0.180988	-0.184033	-0.006068
-0.248256	-0.175544	-0.183033	-0.006263
-0.247256	-0.205732	-0.182033	-0.006456
-0.246256	-0.226482	-0.181033	-0.006649
-0.245256	-0.240235	-0.180033	-0.006839
-0.244256	-0.249874	-0.179033	-0.007029
-0.243256	-0.257010	-0.178033	-0.007217
-0.242256	-0.262536	-0.177033	-0.007405
-0.241256	-0.266972	-0.176033	-0.007591
-0.240256	-0.270639	-0.175033	-0.007776
-0.239256	-0.273744	-0.174033	-0.007960
-0.238256	-0.276426	-0.173033	-0.008143
-0.237256	-0.278781	-0.172033	-0.008325
-0.236256	-0.280879	-0.171033	-0.008507
-0.235256	-0.282770	-0.170033	-0.008687
-0.234256	-0.284493	-0.169033	-0.008867
-0.233256	-0.286076	-0.168033	-0.009045
-0.232256	-0.287542	-0.167033	-0.009223
-0.231256	-0.288910	-0.166033	-0.009401
-0.230256	-0.290193	-0.165033	-0.009577
-0.229256	-0.291403	-0.164033	-0.009753
-0.228256	-0.292549	-0.163033	-0.009928
-0.227256	-0.293640	-0.162033	-0.010103
-0.226256	-0.294682	-0.161033	-0.010277
-0.225256	-0.295680	-0.160033	-0.010451
-0.224256	-0.296639	-0.159033	-0.010623
-0.223256	-0.297563	-0.158033	-0.010796
-0.222256	-0.298456	-0.157033	-0.010968
-0.221256	-0.299320	-0.156033	-0.011139
-0.220256	-0.300158	-0.155033	-0.011310
-0.219256	-0.300973	-0.154033	-0.011481
-0.218256	-0.301765	-0.153033	-0.011651
-0.217256	-0.302537	-0.152033	-0.011821
-0.216256	-0.303291	-0.151033	-0.011990
-0.215256	-0.304027	-0.150033	-0.012159
-0.214256	-0.304748	-0.149033	-0.012328
-0.213256	-0.305453	-0.148033	-0.012497
-0.212256	-0.306145	-0.147033	-0.012665
-0.211256	-0.306823	-0.146033	-0.012833
-0.210256	-0.307490	-0.145033	-0.013001
-0.209256	-0.308144	-0.144033	-0.013168
-0.208256	-0.308788	-0.143033	-0.013336
-0.207256	-0.309421	-0.142033	-0.013503
-0.206256	-0.310045	-0.141033	-0.013670
-0.205256	-0.310659	-0.140033	-0.013837
-0.204256	-0.311264	-0.139033	-0.014003
-0.203256	-0.311862	-0.138033	-0.014170
-0.202256	-0.312451	-0.137033	-0.014336
-0.201256	-0.313032	-0.136033	-0.014503
-0.200256	-0.313606	-0.135033	-0.014669
-0.199256	-0.314173	-0.134033	-0.014836
-0.198256	-0.314734	-0.133033	-0.015002
-0.197256	-0.315288	-0.132033	-0.015168
-0.196256	-0.315835	-0.131033	-0.015334
-0.195256	-0.316377	-0.130033	-0.015501
-0.194256	-0.316913	-0.129033	-0.015667
-0.193256	-0.317444	-0.128033	-0.015834
-0.192256	-0.317969	-0.127033	-0.016000
-0.191256	-0.318489	-0.126033	-0.016167
-0.190256	-0.319004	-0.125033	-0.016333
-0.189256	-0.319514	-0.124033	-0.016500
-0.188256	-0.320019	-0.123033	-0.016667
-0.187256	-0.320520	-0.122033	-0.016834
-0.186256	-0.321017	-0.121033	-0.017002
-0.185256	-0.321509	-0.120033	-0.017169
-0.184256	-0.321997	-0.119033	-0.017337
-0.183256	-0.322481	-0.118033	-0.017505
-0.182256	-0.322961	-0.117033	-0.017673
-0.181256	-0.323438	-0.116033	-0.017841
-0.180256	-0.323910	-0.115033	-0.018010
-0.179256	-0.324379	-0.114033	-0.018179
-0.178256	-0.324845	-0.113033	-0.018348
-0.177256	-0.325307	-0.112033	-0.018518
-0.176256	-0.325765	-0.111033	-0.018688
-0.175256	-0.326221	-0.110033	-0.018858
-0.174256	-0.326673	-0.109033	-0.019029
-0.173256	-0.327122	-0.108033	-0.019200
-0.172256	-0.327568	-0.107033	-0.019372
-0.171256	-0.328011	-0.106033	-0.019544
-0.170256	-0.328451	-0.105033	-0.019716
-0.169256	-0.328888	-0.104033	-0.019889
-0.168256	-0.329323	-0.103033	-0.020063
-0.167256	-0.329754	-0.102033	-0.020237
-0.166256	-0.330183	-0.101033	-0.020412
-0.165256	-0.330609	-0.100033	-0.020587
-0.164256	-0.331033	-0.099033	-0.020763
-0.163256	-0.331454	-0.098033	-0.020939
-0.162256	-0.331873	-0.097033	-0.021116
-0.161256	-0.332289	-0.096033	-0.021294
-0.160256	-0.332703	-0.095033	-0.021473
-0.159256	-0.333115	-0.094033	-0.021652
-0.158256	-0.333524	-0.093033	-0.021832
-0.157256	-0.333931	-0.092033	-0.022013
-0.156256	-0.334336	-0.091033	-0.022195
-0.155256	-0.334738	-0.090033	-0.022378
-0.154256	-0.335139	-0.089033	-0.022562
-0.153256	-0.335537	-0.088033	-0.022746
-0.152256	-0.335933	-0.087033	-0.022932
-0.151256	-0.336327	-0.086033	-0.023119
-0.150256	-0.336719	-0.085033	-0.023307
-0.149256	-0.337110	-0.084033	-0.023496
-0.148256	-0.337498	-0.083033	-0.023686
-0.147256	-0.337884	-0.082033	-0.023878
-0.146256	-0.338269	-0.081033	-0.024071
-0.145256	-0.338651	-0.080033	-0.024265
-0.144256	-0.339032	-0.079033	-0.024461
-0.143256	-0.339411	-0.078033	-0.024659
-0.142256	-0.339789	-0.077033	-0.024858
-0.141256	-0.340164	-0.076033	-0.025059
-0.140256	-0.340538	-0.075033	-0.025262
-0.139256	-0.340910	-0.074033	-0.025467
-0.138256	-0.341281	-0.073033	-0.025674
-0.137256	-0.341650	-0.072033	-0.025883
-0.136256	-0.342017	-0.071033	-0.026095
-0.135256	-0.342383	-0.070033	-0.026309
-0.134256	-0.342747	-0.069033	-0.026526
-0.133256	-0.343110	-0.068033	-0.026746
-0.132256	-0.343471	-0.067033	-0.026969
-0.131256	-0.343831	-0.066033	-0.027196
-0.130256	-0.344189	-0.065033	-0.027426
-0.129256	-0.344546	-0.064033	-0.027661
-0.128256	-0.344901	-0.063033	-0.027900
-0.127256	-0.345255	-0.062033	-0.028144
-0.126256	-0.345608	-0.061033	-0.028393
-0.125256	-0.345959	-0.060033	-0.028648
-0.124256	-0.346309	-0.059033	-0.028910
-0.123256	-0.346658	-0.058033	-0.029179
-0.122256	-0.347005	-0.057033	-0.029457
-0.121256	-0.347352	-0.056033	-0.029744
-0.120256	-0.347696	-0.055033	-0.030042
-0.119256	-0.348040	-0.054033	-0.030352
-0.118256	-0.348383	-0.053033	-0.030676
-0.117256	-0.348724	-0.052033	-0.031017
-0.116256	-0.349064	-0.051033	-0.031378
-0.115256	-0.349403	-0.050033	-0.031763
-0.114256	-0.349741	-0.049033	-0.032176
-0.113256	-0.350078	-0.048033	-0.032623
-0.112256	-0.350414	-0.047033	-0.033115
-0.111256	-0.350749	-0.046033	-0.033661
-0.110256	-0.351083	-0.045033	-0.034279
-0.109256	-0.351415	-0.044033	-0.034992
-0.108256	-0.351747	-0.043033	-0.035835
-0.107256	-0.352078	-0.042033	-0.036862
-0.106256	-0.352408	-0.041033	-0.038163
-0.105256	-0.352737	-0.040033	-0.039888
-0.104256	-0.353065	-0.039033	-0.042313
-0.103256	-0.353392	-0.038033	-0.045928
-0.102256	-0.353719	-0.037033	-0.051147
-0.101256	-0.354044	-0.036033	-0.050199
-0.100256	-0.354369	-0.035033	-0.015916
-0.099256	-0.354693	-0.034033	-0.011718
-0.098256	-0.355016	-0.033033	-0.017041
-0.097256	-0.355339	-0.032033	-0.020860
-0.096256	-0.355661	-0.031033	-0.023412
-0.095256	-0.355982	-0.030033	-0.025219
-0.094256	-0.356302	-0.029033	-0.026579
-0.093256	-0.356622	-0.028033	-0.027653
-0.092256	-0.356942	-0.027033	-0.028537
-0.091256	-0.357261	-0.026033	-0.029288
-0.090256	-0.357579	-0.025033	-0.029943
-0.089256	-0.357897	-0.024033	-0.030527
-0.088256	-0.358215	-0.023033	-0.031057
-0.087256	-0.358532	-0.022033	-0.031544
-0.086256	-0.358849	-0.021033	-0.031999
-0.085256	-0.359165	-0.020033	-0.032428
-0.084256	-0.359482	-0.019033	-0.032835
-0.083256	-0.359798	-0.018033	-0.033225
-0.082256	-0.360114	-0.017033	-0.033601
-0.081256	-0.360430	-0.016033	-0.033965
-0.080256	-0.360746	-0.015033	-0.034319
-0.079256	-0.361062	-0.014033	-0.034665
-0.078256	-0.361378	-0.013033	-0.035005
-0.077256	-0.361695	-0.012033	-0.035340
-0.076256	-0.362012	-0.011033	-0.035670
-0.075256	-0.362329	-0.010033	-0.035996
-0.074256	-0.362647	-0.009033	-0.036320
-0.073256	-0.362965	-0.008033	-0.036641
-0.072256	-0.363284	-0.007033	-0.036960
-0.071256	-0.363605	-0.006033	-0.037279
-0.070256	-0.363926	-0.005033	-0.037596
-0.069256	-0.364248	-0.004033	-0.037913
-0.068256	-0.364572	-0.003033	-0.038230
-0.067256	-0.364898	-0.002033	-0.038547
-0.066256	-0.365226	-0.001033	-0.038865
-0.065256	-0.365555	-0.000033	-0.039184
-0.064256	-0.365888	+0.000967	-0.039504
-0.063256	-0.366223	+0.001967	-0.039825
-0.062256	-0.366561	+0.002967	-0.040147
-0.061256	-0.366904	+0.003967	-0.040472
-0.060256	-0.367250	+0.004967	-0.040798
-0.059256	-0.367602	+0.005967	-0.041127
-0.058256	-0.367959	+0.006967	-0.041458
-0.057256	-0.368323	+0.007967	-0.041792
-0.056256	-0.368694	+0.008967	-0.042128
-0.055256	-0.369075	+0.009967	-0.042468
-0.054256	-0.369466	+0.010967	-0.042811
-0.053256	-0.369869	+0.011967	-0.043157
-0.052256	-0.370286	+0.012967	-0.043507
-0.051256	-0.370722	+0.013967	-0.043860
-0.050256	-0.371178	+0.014967	-0.044218
-0.049256	-0.371660	+0.015967	-0.044580
-0.048256	-0.372174	+0.016967	-0.044946
-0.047256	-0.372727	+0.017967	-0.045317
-0.046256	-0.373332	+0.018967	-0.045693
-0.045256	-0.374002	+0.019967	-0.046075
-0.044256	-0.374761	+0.020967	-0.046461
-0.043256	-0.375639	+0.021967	-0.046854
-0.042256	-0.376686	+0.022967	-0.047253
-0.041256	-0.377982	+0.023967	-0.047658
-0.040256	-0.379661	+0.024967	-0.048070
-0.039256	-0.381965	+0.025967	-0.048489
-0.038256	-0.385333	+0.026967	-0.048916
-0.037256	-0.390326	+0.027967	-0.049351
-0.036256	-0.393184	+0.028967	-0.049794
-0.035256	-0.363286	+0.029967	-0.050247
-0.034256	-0.351075	+0.030967	-0.050709
-0.033256	-0.356384	+0.031967	-0.051181
-0.032256	-0.360638	+0.032967	-0.051664
-0.031256	-0.363474	+0.033967	-0.052159
-0.030256	-0.365466	+0.034967	-0.052667
-0.029256	-0.366952	+0.035967	-0.053188
-0.028256	-0.368122	+0.036967	-0.053723
-0.027256	-0.369080	+0.037967	-0.054275
-0.026256	-0.369892	+0.038967	-0.054843
-0.025256	-0.370598	+0.039967	-0.055430
