#omega_0	E_QP(omega)_0#	omega_1	E_QP(omega)_1
-1.441325	-0.740930	-0.926382	+0.200930
-1.431325	-0.746428	-0.916382	+0.198524
-1.421325	-0.752395	-0.906382	+0.196484
-1.411325	-0.758897	-0.896382	+0.194725
-1.401325	-0.766013	-0.886382	+0.193190
-1.391325	-0.773838	-0.876382	+0.191835
-1.381325	-0.782488	-0.866382	+0.190627
-1.371325	-0.792105	-0.856382	+0.189540
-1.361325	-0.802866	-0.846382	+0.188555
-1.351325	-0.814994	-0.836382	+0.187657
-1.341325	-0.828774	-0.826382	+0.186833
-1.331325	-0.844576	-0.816382	+0.186073
-1.321325	-0.862888	-0.806382	+0.185368
-1.311325	-0.884371	-0.796382	+0.184713
-1.301325	-0.909938	-0.786382	+0.184100
-1.291325	-0.940891	-0.776382	+0.183525
-1.281325	-0.979151	-0.766382	+0.182984
-1.271325	-1.027675	-0.756382	+0.182474
-1.261325	-1.091263	-0.746382	+0.181991
-1.251325	-1.178260	-0.736382	+0.181532
-1.241325	-1.304567	-0.726382	+0.181096
-1.231325	-1.504681	-0.716382	+0.180681
-1.221325	-1.870062	-0.706382	+0.180284
-1.211325	-2.748304	-0.696382	+0.179904
-1.201325	-7.559612	-0.686382	+0.179539
-1.191325	+4.338021	-0.676382	+0.179190
-1.181325	+1.263505	-0.666382	+0.178853
-1.171325	+0.537768	-0.656382	+0.178529
-1.161325	+0.214746	-0.646382	+0.178216
-1.151325	+0.032108	-0.636382	+0.177914
-1.141325	-0.085340	-0.626382	+0.177621
-1.131325	-0.167237	-0.616382	+0.177338
-1.121325	-0.227622	-0.606382	+0.177064
-1.111325	-0.274002	-0.596382	+0.176797
-1.101325	-0.310755	-0.586382	+0.176538
-1.091325	-0.340609	-0.576382	+0.176286
-1.081325	-0.365348	-0.566382	+0.176041
-1.071325	-0.386190	-0.556382	+0.175802
-1.061325	-0.403995	-0.546382	+0.175569
-1.051325	-0.419389	-0.536382	+0.175342
-1.041325	-0.432834	-0.526382	+0.175119
-1.031325	-0.444683	-0.516382	+0.174902
-1.021325	-0.455209	-0.506382	+0.174689
-1.011325	-0.464624	-0.496382	+0.174481
-1.001325	-0.473100	-0.486382	+0.174277
-0.991325	-0.480772	-0.476382	+0.174077
-0.981325	-0.487753	-0.466382	+0.173880
-0.971325	-0.494134	-0.456382	+0.173688
-0.961325	-0.499992	-0.446382	+0.173498
-0.951325	-0.505391	-0.436382	+0.173312
-0.941325	-0.510384	-0.426382	+0.173128
-0.931325	-0.515017	-0.416382	+0.172948
-0.921325	-0.519330	-0.406382	+0.172770
-0.911325	-0.523356	-0.396382	+0.172595
-0.901325	-0.527124	-0.386382	+0.172422
-0.891325	-0.530660	-0.376382	+0.172252
-0.881325	-0.533985	-0.366382	+0.172084
-0.871325	-0.537120	-0.356382	+0.171918
-0.861325	-0.540081	-0.346382	+0.171753
-0.851325	-0.542883	-0.336382	+0.171591
-0.841325	-0.545541	-0.326382	+0.171430
-0.831325	-0.548065	-0.316382	+0.171272
-0.821325	-0.550466	-0.306382	+0.171114
-0.811325	-0.552755	-0.296382	+0.170958
-0.801325	-0.554939	-0.286382	+0.170804
-0.791325	-0.557027	-0.276382	+0.170651
-0.781325	-0.559025	-0.266382	+0.170499
-0.771325	-0.560940	-0.256382	+0.170348
-0.761325	-0.562778	-0.246382	+0.170199
-0.751325	-0.564544	-0.236382	+0.170050
-0.741325	-0.566243	-0.226382	+0.169902
-0.731325	-0.567879	-0.216382	+0.169755
-0.721325	-0.569456	-0.206382	+0.169609
-0.711325	-0.570977	-0.196382	+0.169464
-0.701325	-0.572448	-0.186382	+0.169319
-0.691325	-0.573869	-0.176382	+0.169175
-0.681325	-0.575245	-0.166382	+0.169031
-0.671325	-0.576578	-0.156382	+0.168888
-0.661325	-0.577871	-0.146382	+0.168746
-0.651325	-0.579126	-0.136382	+0.168603
-0.641325	-0.580344	-0.126382	+0.168461
-0.631325	-0.581528	-0.116382	+0.168319
-0.621325	-0.582681	-0.106382	+0.168177
-0.611325	-0.583802	-0.096382	+0.168036
-0.601325	-0.584895	-0.086382	+0.167894
-0.591325	-0.585961	-0.076382	+0.167753
-0.581325	-0.587001	-0.066382	+0.167611
-0.571325	-0.588016	-0.056382	+0.167469
-0.561325	-0.589008	-0.046382	+0.167327
-0.551325	-0.589978	-0.036382	+0.167185
-0.541325	-0.590926	-0.026382	+0.167042
-0.531325	-0.591855	-0.016382	+0.166899
-0.521325	-0.592765	-0.006382	+0.166756
-0.511325	-0.593656	+0.003618	+0.166612
-0.501325	-0.594531	+0.013618	+0.166468
-0.491325	-0.595389	+0.023618	+0.166322
-0.481325	-0.596231	+0.033618	+0.166177
-0.471325	-0.597059	+0.043618	+0.166030
-0.461325	-0.597872	+0.053618	+0.165882
-0.451325	-0.598672	+0.063618	+0.165734
-0.441325	-0.599459	+0.073618	+0.165585
-0.431325	-0.600234	+0.083618	+0.165434
-0.421325	-0.600998	+0.093618	+0.165282
-0.411325	-0.601750	+0.103618	+0.165129
-0.401325	-0.602492	+0.113618	+0.164975
-0.391325	-0.603223	+0.123618	+0.164819
-0.381325	-0.603945	+0.133618	+0.164662
-0.371325	-0.604658	+0.143618	+0.164503
-0.361325	-0.605362	+0.153618	+0.164343
-0.351325	-0.606058	+0.163618	+0.164181
-0.341325	-0.606747	+0.173618	+0.164016
-0.331325	-0.607427	+0.183618	+0.163850
-0.321325	-0.608101	+0.193618	+0.163682
-0.311325	-0.608768	+0.203618	+0.163511
-0.301325	-0.609429	+0.213618	+0.163338
-0.291325	-0.610084	+0.223618	+0.163162
-0.281325	-0.610733	+0.233618	+0.162983
-0.271325	-0.611377	+0.243618	+0.162802
-0.261325	-0.612016	+0.253618	+0.162617
-0.251325	-0.612650	+0.263618	+0.162430
-0.241325	-0.613280	+0.273618	+0.162239
-0.231325	-0.613906	+0.283618	+0.162044
-0.221325	-0.614528	+0.293618	+0.161846
-0.211325	-0.615146	+0.303618	+0.161643
-0.201325	-0.615761	+0.313618	+0.161436
-0.191325	-0.616373	+0.323618	+0.161225
-0.181325	-0.616982	+0.333618	+0.161008
-0.171325	-0.617589	+0.343618	+0.160787
-0.161325	-0.618194	+0.353618	+0.160560
-0.151325	-0.618796	+0.363618	+0.160327
-0.141325	-0.619397	+0.373618	+0.160088
-0.131325	-0.619996	+0.383618	+0.159842
-0.121325	-0.620594	+0.393618	+0.159589
-0.111325	-0.621191	+0.403618	+0.159329
-0.101325	-0.621787	+0.413618	+0.159060
-0.091325	-0.622383	+0.423618	+0.158783
-0.081325	-0.622978	+0.433618	+0.158496
-0.071325	-0.623573	+0.443618	+0.158199
-0.061325	-0.624169	+0.453618	+0.157891
-0.051325	-0.624764	+0.463618	+0.157572
-0.041325	-0.625361	+0.473618	+0.157239
-0.031325	-0.625958	+0.483618	+0.156893
-0.021325	-0.626556	+0.493618	+0.156532
-0.011325	-0.627156	+0.503618	+0.156154
-0.001325	-0.627758	+0.513618	+0.155758
+0.008675	-0.628361	+0.523618	+0.155343
+0.018675	-0.628966	+0.533618	+0.154906
+0.028675	-0.629574	+0.543618	+0.154445
+0.038675	-0.630184	+0.553618	+0.153957
+0.048675	-0.630798	+0.563618	+0.153440
+0.058675	-0.631414	+0.573618	+0.152890
+0.068675	-0.632034	+0.583618	+0.152303
+0.078675	-0.632658	+0.593618	+0.151674
+0.088675	-0.633287	+0.603618	+0.150998
+0.098675	-0.633919	+0.613618	+0.150267
+0.108675	-0.634556	+0.623618	+0.149474
+0.118675	-0.635199	+0.633618	+0.148609
+0.128675	-0.635847	+0.643618	+0.147660
+0.138675	-0.636501	+0.653618	+0.146612
+0.148675	-0.637161	+0.663618	+0.145445
+0.158675	-0.637828	+0.673618	+0.144136
+0.168675	-0.638502	+0.683618	+0.142652
+0.178675	-0.639184	+0.693618	+0.140952
+0.188675	-0.639874	+0.703618	+0.138977
+0.198675	-0.640572	+0.713618	+0.136648
+0.208675	-0.641280	+0.723618	+0.133847
+0.218675	-0.641997	+0.733618	+0.130397
+0.228675	-0.642725	+0.743618	+0.126011
+0.238675	-0.643464	+0.753618	+0.120195
+0.248675	-0.644215	+0.763618	+0.111987
+0.258675	-0.644978	+0.773618	+0.099168
+0.268675	-0.645755	+0.783618	+0.074685
+0.278675	-0.646545	+0.793618	-0.011145
+0.288675	-0.647351	+0.803618	+0.228988
+0.298675	-0.648174	+0.813618	+0.084281
+0.308675	-0.649014	+0.823618	-0.132134
+0.318675	-0.649872	+0.833618	+0.623170
+0.328675	-0.650751	+0.843618	+0.309773
+0.338675	-0.651651	+0.853618	+0.250370
+0.348675	-0.652575	+0.863618	+0.224728
+0.358675	-0.653524	+0.873618	+0.210193
+0.368675	-0.654500	+0.883618	+0.200713
+0.378675	-0.655507	+0.893618	+0.193967
+0.388675	-0.656545	+0.903618	+0.188869
+0.398675	-0.657619	+0.913618	+0.184839
+0.408675	-0.658732	+0.923618	+0.181540
+0.418675	-0.659888	+0.933618	+0.178760
+0.428675	-0.661091	+0.943618	+0.176358
+0.438675	-0.662348	+0.953618	+0.174238
+0.448675	-0.663664	+0.963618	+0.172331
+0.458675	-0.665046	+0.973618	+0.170586
+0.468675	-0.666504	+0.983618	+0.168961
+0.478675	-0.668049	+0.993618	+0.167426
+0.488675	-0.669693	+1.003618	+0.165955
+0.498675	-0.671454	+1.013618	+0.164525
+0.508675	-0.673351	+1.023618	+0.163117
+0.518675	-0.675410	+1.033618	+0.161711
+0.528675	-0.677665	+1.043618	+0.160291
+0.538675	-0.680162	+1.053618	+0.158836
+0.548675	-0.682960	+1.063618	+0.157329
+0.558675	-0.686143	+1.073618	+0.155746
