#omega_0	E_QP(omega)_0#	omega_1	E_QP(omega)_1#	omega_2	E_QP(omega)_2#	omega_3	E_QP(omega)_3#	omega_4	E_QP(omega)_4#	omega_5	E_QP(omega)_5#	omega_6	E_QP(omega)_6#	omega_7	E_QP(omega)_7#	omega_8	E_QP(omega)_8
-20.201806	-11.563868	 -2.040339	 -0.030692	 -1.545824	 -0.312379	 -1.404273	 +2.610216	 -1.327197	 +1.809438	 -0.968415	 +0.133436	 -0.893150	 +0.214739	 -0.626860	 +0.514963	 -0.574995	 +0.560339
-20.191806	-18.866467	 -2.030339	 -1.201115	 -1.535824	 -0.859552	 -1.394273	 -0.254494	 -1.317197	 -0.295569	 -0.958415	 +0.132707	 -0.883150	 +0.213523	 -0.616860	 +0.514663	 -0.564995	 +0.560103
-20.181806	-20.443543	 -2.020339	 -1.710781	 -1.525824	 -1.195998	 -1.384273	 -0.894808	 -1.307197	 -0.808334	 -0.948415	 +0.131956	 -0.873150	 +0.212567	 -0.606860	 +0.514368	 -0.554995	 +0.559872
-20.171806	-25.119474	 -2.010339	 -3.799247	 -1.515824	 -2.726357	 -1.374273	 -2.865015	 -1.297197	 -2.462081	 -0.938415	 +0.131155	 -0.863150	 +0.211761	 -0.596860	 +0.514079	 -0.544995	 +0.559644
-20.161806	-14.380253	 -2.000339	 +1.165145	 -1.505824	 +0.985044	 -1.364273	 +1.700341	 -1.287197	 +1.347255	 -0.928415	 +0.130267	 -0.853150	 +0.211048	 -0.586860	 +0.513794	 -0.534995	 +0.559420
-20.151806	-17.353527	 -1.990339	 -0.122541	 -1.495824	 +0.029269	 -1.354273	 +0.448061	 -1.277197	 +0.488056	 -0.918415	 +0.129231	 -0.843150	 +0.210393	 -0.576860	 +0.513513	 -0.524995	 +0.559199
-20.141806	-18.118553	 -1.980339	 -0.484882	 -1.485824	 -0.235493	 -1.344273	 +0.132398	 -1.267197	 +0.093434	 -0.908415	 +0.127936	 -0.833150	 +0.209770	 -0.566860	 +0.513237	 -0.514995	 +0.558981
-20.131806	-18.501144	 -1.970339	 -0.631443	 -1.475824	 -0.356008	 -1.334273	 -0.019153	 -1.257197	 -0.031679	 -0.898415	 +0.126155	 -0.823150	 +0.209155	 -0.556860	 +0.512964	 -0.504995	 +0.558765
-20.121806	-18.715496	 -1.960339	 -0.751484	 -1.465824	 -0.431427	 -1.324273	 -0.112164	 -1.247197	 -0.129710	 -0.888415	 +0.123317	 -0.813150	 +0.208514	 -0.546860	 +0.512695	 -0.494995	 +0.558552
-20.111806	-18.919418	 -1.950339	 -0.834986	 -1.455824	 -0.488485	 -1.314273	 -0.177363	 -1.237197	 -0.203263	 -0.878415	 +0.117483	 -0.803150	 +0.207789	 -0.536860	 +0.512429	 -0.484995	 +0.558342
-20.101806	-19.102197	 -1.940339	 -0.906785	 -1.445824	 -0.540086	 -1.304273	 -0.229273	 -1.227197	 -0.267259	 -0.868415	 +0.095073	 -0.793150	 +0.206827	 -0.526860	 +0.512166	 -0.474995	 +0.558133
-20.091806	-19.069574	 -1.930339	 -0.980341	 -1.435824	 -0.599124	 -1.294273	 -0.274980	 -1.217197	 -0.336623	 -0.858415	 +0.191915	 -0.783150	 +0.205027	 -0.516860	 +0.511907	 -0.464995	 +0.557926
-20.081806	-19.323458	 -1.920339	 -1.079475	 -1.425824	 -0.708839	 -1.284273	 -0.324346	 -1.207197	 -0.433716	 -0.848415	 +0.148289	 -0.773150	 +0.194640	 -0.506860	 +0.511649	 -0.454995	 +0.557721
-20.071806	-19.770884	 -1.910339	 -1.341880	 -1.415824	 -0.780497	 -1.274273	 -0.415069	 -1.197197	 -0.681115	 -0.838415	 +0.140657	 -0.763150	 +0.213186	 -0.496860	 +0.511395	 -0.444995	 +0.557517
-20.061806	-17.402677	 -1.900339	 -0.160094	 -1.405824	 +0.447678	 -1.264273	 +0.045962	 -1.187197	 +0.839151	 -0.828415	 +0.137340	 -0.753150	 +0.209597	 -0.486860	 +0.511143	 -0.434995	 +0.557315
-20.051806	-19.140231	 -1.890339	 -0.925882	 -1.395824	 -0.360693	 -1.254273	 -0.285546	 -1.177197	 -0.162918	 -0.818415	 +0.135380	 -0.743150	 +0.208383	 -0.476860	 +0.510893	 -0.424995	 +0.557114
-20.041806	-20.513177	 -1.880339	 -1.522203	 -1.385824	 -0.677714	 -1.244273	 -0.465635	 -1.167197	 -1.090539	 -0.808415	 +0.134013	 -0.733150	 +0.207651	 -0.466860	 +0.510645	 -0.414995	 +0.556915
-20.031806	-18.537716	 -1.870339	 -0.780228	 -1.375824	 -0.394178	 -1.234273	 -0.273267	 -1.157197	 +0.161375	 -0.798415	 +0.132950	 -0.723150	 +0.207101	 -0.456860	 +0.510400	 -0.404995	 +0.556716
-20.021806	-18.939205	 -1.860339	 -1.041636	 -1.365824	 -0.474707	 -1.224273	 -0.330689	 -1.147197	 -0.066289	 -0.788415	 +0.132056	 -0.713150	 +0.206642	 -0.446860	 +0.510156	 -0.394995	 +0.556519
-20.011806	-19.114949	 -1.850339	 -0.332305	 -1.355824	 -0.513491	 -1.214273	 -0.369250	 -1.137197	 -0.146244	 -0.778415	 +0.131252	 -0.703150	 +0.206236	 -0.436860	 +0.509914	 -0.384995	 +0.556323
-20.001806	-19.467129	 -1.840339	 -0.825289	 -1.345824	 -0.546870	 -1.204273	 -0.489950	 -1.127197	 -0.192100	 -0.768415	 +0.130483	 -0.693150	 +0.205864	 -0.426860	 +0.509674	 -0.374995	 +0.556128
-19.991806	-19.120317	 -1.830339	 -0.918438	 -1.335824	 -0.473763	 -1.194273	 -0.328372	 -1.117197	 -0.224122	 -0.758415	 +0.129696	 -0.683150	 +0.205517	 -0.416860	 +0.509435	 -0.364995	 +0.555934
-19.981806	-19.223147	 -1.820339	 -0.968246	 -1.325824	 -0.552620	 -1.184273	 -0.368457	 -1.107197	 -0.249122	 -0.748415	 +0.128826	 -0.673150	 +0.205189	 -0.406860	 +0.509198	 -0.354995	 +0.555740
-19.971806	-19.286122	 -1.810339	 -1.005789	 -1.315824	 -0.574795	 -1.174273	 -0.389354	 -1.097197	 -0.270222	 -0.738415	 +0.127756	 -0.663150	 +0.204875	 -0.396860	 +0.508962	 -0.344995	 +0.555548
-19.961806	-19.338738	 -1.800339	 -1.038856	 -1.305824	 -0.592918	 -1.164273	 -0.406483	 -1.087197	 -0.289239	 -0.728415	 +0.126217	 -0.653150	 +0.204573	 -0.386860	 +0.508728	 -0.334995	 +0.555356
-19.951806	-19.388496	 -1.790339	 -1.071340	 -1.295824	 -0.611164	 -1.154273	 -0.423538	 -1.077197	 -0.307549	 -0.718415	 +0.123338	 -0.643150	 +0.204281	 -0.376860	 +0.508495	 -0.324995	 +0.555165
-19.941806	-19.440339	 -1.780339	 -1.106699	 -1.285824	 -0.632037	 -1.144273	 -0.439816	 -1.067197	 -0.326608	 -0.708415	 +0.113532	 -0.633150	 +0.203997	 -0.366860	 +0.508263	 -0.314995	 +0.554974
-19.931806	-19.500694	 -1.770339	 -1.150124	 -1.275824	 -0.659580	 -1.134273	 -0.461162	 -1.057197	 -0.348632	 -0.698415	 +0.165600	 -0.623150	 +0.203721	 -0.356860	 +0.508032	 -0.304995	 +0.554784
-19.921806	-19.582800	 -1.760339	 -1.213445	 -1.265824	 -0.707758	 -1.124273	 -0.492328	 -1.047197	 -0.378336	 -0.688415	 +0.138368	 -0.613150	 +0.203450	 -0.346860	 +0.507802	 -0.294995	 +0.554594
-19.911806	-19.726992	 -1.750339	 -1.339068	 -1.255824	 -0.743629	 -1.114273	 -0.549643	 -1.037197	 -0.430130	 -0.678415	 +0.134154	 -0.603150	 +0.203186	 -0.336860	 +0.507573	 -0.284995	 +0.554405
-19.901806	-20.164676	 -1.740339	 -2.021488	 -1.245824	 -0.985727	 -1.104273	 -0.744338	 -1.027197	 -0.586634	 -0.668415	 +0.132326	 -0.593150	 +0.202926	 -0.326860	 +0.507345	 -0.274995	 +0.554216
-19.891806	-16.916196	 -1.730339	 +0.286206	 -1.235824	 +0.768696	 -1.094273	 +0.551139	 -1.017197	 +0.572778	 -0.658415	 +0.131230	 -0.583150	 +0.202671	 -0.316860	 +0.507118	 -0.264995	 +0.554028
-19.881806	-18.937170	 -1.720339	 -0.813411	 -1.225824	 -0.311943	 -1.084273	 -0.227893	 -1.007197	 -0.148616	 -0.648415	 +0.130456	 -0.573150	 +0.202420	 -0.306860	 +0.506892	 -0.254995	 +0.553840
-19.871806	-19.224515	 -1.710339	 -1.020825	 -1.215824	 -0.442621	 -1.074273	 -0.353348	 -0.997197	 -0.245782	 -0.638415	 +0.129854	 -0.563150	 +0.202173	 -0.296860	 +0.506666	 -0.244995	 +0.553652
-19.861806	-19.233326	 -1.700339	 -0.703848	 -1.205824	 -0.494432	 -1.064273	 -0.349367	 -0.987197	 -0.214496	 -0.628415	 +0.129354	 -0.553150	 +0.201930	 -0.286860	 +0.506441	 -0.234995	 +0.553464
-19.851806	-19.318705	 -1.690339	 -0.982856	 -1.195824	 -0.523353	 -1.054273	 -0.376327	 -0.977197	 -0.278662	 -0.618415	 +0.128922	 -0.543150	 +0.201689	 -0.276860	 +0.506216	 -0.224995	 +0.553276
-19.841806	-19.366860	 -1.680339	 -1.055278	 -1.185824	 -0.542458	 -1.044273	 -0.393237	 -0.967197	 -0.298468	 -0.608415	 +0.128537	 -0.533150	 +0.201452	 -0.266860	 +0.505992	 -0.214995	 +0.553089
-19.831806	-19.402045	 -1.670339	 -1.116481	 -1.175824	 -0.556418	 -1.034273	 -0.405705	 -0.957197	 -0.311768	 -0.598415	 +0.128186	 -0.523150	 +0.201217	 -0.256860	 +0.505769	 -0.204995	 +0.552901
-19.821806	-19.430236	 -1.660339	 -1.199485	 -1.165824	 -0.567326	 -1.024273	 -0.415669	 -0.947197	 -0.322099	 -0.588415	 +0.127861	 -0.513150	 +0.200985	 -0.246860	 +0.505546	 -0.194995	 +0.552714
-19.811806	-19.454054	 -1.650339	 -1.399185	 -1.155824	 -0.576263	 -1.014273	 -0.424060	 -0.937197	 -0.330680	 -0.578415	 +0.127556	 -0.503150	 +0.200756	 -0.236860	 +0.505323	 -0.184995	 +0.552527
-19.801806	-19.474898	 -1.640339	 -0.564014	 -1.145824	 -0.583849	 -1.004273	 -0.431395	 -0.927197	 -0.338108	 -0.568415	 +0.127267	 -0.493150	 +0.200528	 -0.226860	 +0.505100	 -0.174995	 +0.552339
-19.791806	-19.493612	 -1.630339	 -0.708155	 -1.135824	 -0.590469	 -0.994273	 -0.437995	 -0.917197	 -0.344724	 -0.558415	 +0.126991	 -0.483150	 +0.200303	 -0.216860	 +0.504878	 -0.164995	 +0.552152
-19.781806	-19.510748	 -1.620339	 -0.895209	 -1.125824	 -0.596377	 -0.984273	 -0.444078	 -0.907197	 -0.350748	 -0.548415	 +0.126726	 -0.473150	 +0.200079	 -0.206860	 +0.504656	 -0.154995	 +0.551964
-19.771806	-19.526696	 -1.610339	 -0.966202	 -1.115824	 -0.601755	 -0.974273	 -0.449805	 -0.897197	 -0.356333	 -0.538415	 +0.126471	 -0.463150	 +0.199857	 -0.196860	 +0.504434	 -0.144995	 +0.551776
-19.761806	-19.541757	 -1.600339	 -1.007313	 -1.105824	 -0.606741	 -0.964273	 -0.455309	 -0.887197	 -0.361597	 -0.528415	 +0.126223	 -0.453150	 +0.199637	 -0.186860	 +0.504212	 -0.134995	 +0.551588
-19.751806	-19.556184	 -1.590339	 -1.036651	 -1.095824	 -0.611455	 -0.954273	 -0.460715	 -0.877197	 -0.366642	 -0.518415	 +0.125982	 -0.443150	 +0.199419	 -0.176860	 +0.503990	 -0.124995	 +0.551399
-19.741806	-19.570220	 -1.580339	 -1.060962	 -1.085824	 -0.616016	 -0.944273	 -0.466159	 -0.867197	 -0.371563	 -0.508415	 +0.125747	 -0.433150	 +0.199201	 -0.166860	 +0.503768	 -0.114995	 +0.551211
-19.731806	-19.584132	 -1.570339	 -1.085838	 -1.075824	 -0.620577	 -0.934273	 -0.471809	 -0.857197	 -0.376470	 -0.498415	 +0.125517	 -0.423150	 +0.198985	 -0.156860	 +0.503546	 -0.104995	 +0.551022
-19.721806	-19.598269	 -1.560339	 -1.069498	 -1.065824	 -0.625404	 -0.924273	 -0.477911	 -0.847197	 -0.381508	 -0.488415	 +0.125292	 -0.413150	 +0.198771	 -0.146860	 +0.503324	 -0.094995	 +0.550832
-19.711806	-19.613164	 -1.550339	 -1.118416	 -1.055824	 -0.631198	 -0.914273	 -0.484864	 -0.837197	 -0.386901	 -0.478415	 +0.125071	 -0.403150	 +0.198557	 -0.136860	 +0.503102	 -0.084995	 +0.550642
-19.701806	-19.629779	 -1.540339	 -1.218791	 -1.045824	 -0.641889	 -0.904273	 -0.493420	 -0.827197	 -0.393056	 -0.468415	 +0.124853	 -0.393150	 +0.198345	 -0.126860	 +0.502880	 -0.074995	 +0.550452
-19.691806	-19.650188	 -1.530339	 -1.110693	 -1.035824	 -0.611918	 -0.894273	 -0.505232	 -0.817197	 -0.400854	 -0.458415	 +0.124638	 -0.383150	 +0.198133	 -0.116860	 +0.502657	 -0.064995	 +0.550261
-19.681806	-19.680081	 -1.520339	 -1.162593	 -1.025824	 -0.636835	 -0.884273	 -0.524877	 -0.807197	 -0.412715	 -0.448415	 +0.124426	 -0.373150	 +0.197922	 -0.106860	 +0.502434	 -0.054995	 +0.550069
-19.671806	-19.743359	 -1.510339	 -1.281402	 -1.015824	 -0.652992	 -0.874273	 -0.571637	 -0.797197	 -0.438803	 -0.438415	 +0.124217	 -0.363150	 +0.197713	 -0.096860	 +0.502211	 -0.044995	 +0.549877
-19.661806	-20.192710	 -1.500339	 -1.461956	 -1.005824	 -0.739990	 -0.864273	 -0.930413	 -0.787197	 -0.628918	 -0.428415	 +0.124010	 -0.353150	 +0.197503	 -0.086860	 +0.501987	 -0.034995	 +0.549684
-19.651806	-19.447871	 -1.490339	 -1.002068	 -0.995824	 -0.598613	 -0.854273	 -0.325557	 -0.777197	 -0.309567	 -0.418415	 +0.123805	 -0.343150	 +0.197295	 -0.076860	 +0.501763	 -0.024995	 +0.549491
-19.641806	-19.561559	 -1.480339	 -1.086344	 -0.985824	 -0.621926	 -0.844273	 -0.412916	 -0.767197	 -0.358717	 -0.408415	 +0.123602	 -0.333150	 +0.197087	 -0.066860	 +0.501539	 -0.014995	 +0.549297
-19.631806	-19.599300	 -1.470339	 -1.121142	 -0.975824	 -0.630523	 -0.834273	 -0.439546	 -0.757197	 -0.374140	 -0.398415	 +0.123401	 -0.323150	 +0.196879	 -0.056860	 +0.501314	 -0.004995	 +0.549101
-19.621806	-19.620879	 -1.460339	 -1.147136	 -0.965824	 -0.636056	 -0.824273	 -0.453277	 -0.747197	 -0.382617	 -0.388415	 +0.123201	 -0.313150	 +0.196672	 -0.046860	 +0.501088	 +0.005005	 +0.548906
-19.611806	-19.636286	 -1.450339	 -1.167464	 -0.955824	 -0.640706	 -0.814273	 -0.462142	 -0.737197	 -0.388463	 -0.378415	 +0.123003	 -0.303150	 +0.196465	 -0.036860	 +0.500862	 +0.015005	 +0.548709
-19.601806	-19.648621	 -1.440339	 -1.197558	 -0.945824	 -0.645900	 -0.804273	 -0.468631	 -0.727197	 -0.393009	 -0.368415	 +0.122806	 -0.293150	 +0.196259	 -0.026860	 +0.500635	 +0.025005	 +0.548511
-19.591806	-19.659164	 -1.430339	 -1.239044	 -0.935824	 -0.659643	 -0.794273	 -0.473770	 -0.717197	 -0.396804	 -0.358415	 +0.122610	 -0.283150	 +0.196053	 -0.016860	 +0.500407	 +0.035005	 +0.548312
-19.581806	-19.668542	 -1.420339	 -1.318112	 -0.925824	 -0.634124	 -0.784273	 -0.478060	 -0.707197	 -0.400116	 -0.348415	 +0.122415	 -0.273150	 +0.195847	 -0.006860	 +0.500179	 +0.045005	 +0.548112
-19.571806	-19.677102	 -1.410339	 -1.639481	 -0.915824	 -0.643951	 -0.774273	 -0.481776	 -0.697197	 -0.403093	 -0.338415	 +0.122220	 -0.263150	 +0.195641	 +0.003140	 +0.499950	 +0.055005	 +0.547911
-19.561806	-19.685051	 -1.400339	 -0.711334	 -0.905824	 -0.647869	 -0.764273	 -0.485082	 -0.687197	 -0.405823	 -0.328415	 +0.122027	 -0.253150	 +0.195435	 +0.013140	 +0.499719	 +0.065005	 +0.547709
-19.551806	-19.692523	 -1.390339	 -1.078233	 -0.895824	 -0.650707	 -0.754273	 -0.488082	 -0.677197	 -0.408362	 -0.318415	 +0.121834	 -0.243150	 +0.195229	 +0.023140	 +0.499488	 +0.075005	 +0.547506
-19.541806	-19.699607	 -1.380339	 -1.296821	 -0.885824	 -0.653125	 -0.744273	 -0.490850	 -0.667197	 -0.410749	 -0.308415	 +0.121641	 -0.233150	 +0.195023	 +0.033140	 +0.499256	 +0.085005	 +0.547301
-19.531806	-19.706367	 -1.370339	 -0.410149	 -0.875824	 -0.655321	 -0.734273	 -0.493439	 -0.657197	 -0.413011	 -0.298415	 +0.121449	 -0.223150	 +0.194816	 +0.043140	 +0.499023	 +0.095005	 +0.547095
-19.521806	-19.712850	 -1.360339	 -0.928638	 -0.865824	 -0.657382	 -0.724273	 -0.495900	 -0.647197	 -0.415167	 -0.288415	 +0.121258	 -0.213150	 +0.194610	 +0.053140	 +0.498789	 +0.105005	 +0.546888
-19.511806	-19.719092	 -1.350339	 -1.014514	 -0.855824	 -0.659358	 -0.714273	 -0.498331	 -0.637197	 -0.417232	 -0.278415	 +0.121066	 -0.203150	 +0.194403	 +0.063140	 +0.498554	 +0.115005	 +0.546679
-19.501806	-19.725119	 -1.340339	 -1.053501	 -0.845824	 -0.661286	 -0.704273	 -0.501620	 -0.627197	 -0.419217	 -0.268415	 +0.120875	 -0.193150	 +0.194196	 +0.073140	 +0.498318	 +0.125005	 +0.546468
-19.491806	-19.730955	 -1.330339	 -1.077981	 -0.835824	 -0.663200	 -0.694273	 -0.501471	 -0.617197	 -0.421131	 -0.258415	 +0.120684	 -0.183150	 +0.193989	 +0.083140	 +0.498080	 +0.135005	 +0.546256
-19.481806	-19.736615	 -1.320339	 -1.098104	 -0.825824	 -0.665143	 -0.684273	 -0.503840	 -0.607197	 -0.422982	 -0.248415	 +0.120493	 -0.173150	 +0.193781	 +0.093140	 +0.497841	 +0.145005	 +0.546042
-19.471806	-19.742117	 -1.310339	 -1.103064	 -0.815824	 -0.667182	 -0.674273	 -0.505843	 -0.597197	 -0.424776	 -0.238415	 +0.120302	 -0.163150	 +0.193573	 +0.103140	 +0.497601	 +0.155005	 +0.545827
-19.461806	-19.747470	 -1.300339	 -1.116911	 -0.805824	 -0.669453	 -0.664273	 -0.507721	 -0.587197	 -0.426517	 -0.228415	 +0.120111	 -0.153150	 +0.193364	 +0.113140	 +0.497359	 +0.165005	 +0.545609
-19.451806	-19.752687	 -1.290339	 -1.127597	 -0.795824	 -0.672287	 -0.654273	 -0.509518	 -0.577197	 -0.428210	 -0.218415	 +0.119920	 -0.143150	 +0.193154	 +0.123140	 +0.497116	 +0.175005	 +0.545389
-19.441806	-19.757777	 -1.280339	 -1.137942	 -0.785824	 -0.676855	 -0.644273	 -0.511250	 -0.567197	 -0.429859	 -0.208415	 +0.119728	 -0.133150	 +0.192944	 +0.133140	 +0.496871	 +0.185005	 +0.545167
-19.431806	-19.762746	 -1.270339	 -1.154874	 -0.775824	 -0.692362	 -0.634273	 -0.512927	 -0.557197	 -0.431467	 -0.198415	 +0.119536	 -0.123150	 +0.192732	 +0.143140	 +0.496625	 +0.195005	 +0.544943
-19.421806	-19.767603	 -1.260339	 -1.140584	 -0.765824	 -0.645274	 -0.624273	 -0.514554	 -0.547197	 -0.433036	 -0.188415	 +0.119344	 -0.113150	 +0.192520	 +0.153140	 +0.496377	 +0.205005	 +0.544716
-19.411806	-19.772353	 -1.250339	 -1.154178	 -0.755824	 -0.664273	 -0.614273	 -0.516137	 -0.537197	 -0.434568	 -0.178415	 +0.119152	 -0.103150	 +0.192307	 +0.163140	 +0.496128	 +0.215005	 +0.544487
-19.401806	-19.777002	 -1.240339	 -1.157078	 -0.745824	 -0.669029	 -0.604273	 -0.517679	 -0.527197	 -0.436067	 -0.168415	 +0.118959	 -0.093150	 +0.192094	 +0.173140	 +0.495876	 +0.225005	 +0.544255
-19.391806	-19.781556	 -1.230339	 -1.169560	 -0.735824	 -0.671757	 -0.594273	 -0.519182	 -0.517197	 -0.437534	 -0.158415	 +0.118765	 -0.083150	 +0.191879	 +0.183140	 +0.495623	 +0.235005	 +0.544021
-19.381806	-19.786017	 -1.220339	 -1.180372	 -0.725824	 -0.673801	 -0.584273	 -0.520651	 -0.507197	 -0.438971	 -0.148415	 +0.118571	 -0.073150	 +0.191663	 +0.193140	 +0.495368	 +0.245005	 +0.543783
-19.371806	-19.790392	 -1.210339	 -1.199289	 -0.715824	 -0.675524	 -0.574273	 -0.522087	 -0.497197	 -0.440379	 -0.138415	 +0.118376	 -0.063150	 +0.191445	 +0.203140	 +0.495111	 +0.255005	 +0.543542
-19.361806	-19.794683	 -1.200339	 -1.103336	 -0.705824	 -0.677066	 -0.564273	 -0.523492	 -0.487197	 -0.441761	 -0.128415	 +0.118181	 -0.053150	 +0.191227	 +0.213140	 +0.494852	 +0.265005	 +0.543297
-19.351806	-19.798894	 -1.190339	 -1.178830	 -0.695824	 -0.678491	 -0.554273	 -0.524868	 -0.477197	 -0.443116	 -0.118415	 +0.117984	 -0.043150	 +0.191007	 +0.223140	 +0.494590	 +0.275005	 +0.543049
-19.341806	-19.803028	 -1.180339	 -1.197115	 -0.685824	 -0.679834	 -0.544273	 -0.526217	 -0.467197	 -0.444446	 -0.108415	 +0.117787	 -0.033150	 +0.190786	 +0.233140	 +0.494326	 +0.285005	 +0.542796
-19.331806	-19.807088	 -1.170339	 -1.215101	 -0.675824	 -0.681117	 -0.534273	 -0.527540	 -0.457197	 -0.445754	 -0.098415	 +0.117589	 -0.023150	 +0.190563	 +0.243140	 +0.494061	 +0.295005	 +0.542539
-19.321806	-19.811078	 -1.160339	 -1.241993	 -0.665824	 -0.682351	 -0.524273	 -0.528839	 -0.447197	 -0.447038	 -0.088415	 +0.117390	 -0.013150	 +0.190338	 +0.253140	 +0.493792	 +0.305005	 +0.542277
-19.311806	-19.814999	 -1.150339	 -1.305061	 -0.655824	 -0.683545	 -0.514273	 -0.530115	 -0.437197	 -0.448302	 -0.078415	 +0.117190	 -0.003150	 +0.190112	 +0.263140	 +0.493521	 +0.315005	 +0.542009
-19.301806	-19.818854	 -1.140339	 -1.853514	 -0.645824	 -0.684706	 -0.504273	 -0.531368	 -0.427197	 -0.449545	 -0.068415	 +0.116988	 +0.006850	 +0.189884	 +0.273140	 +0.493248	 +0.325005	 +0.541735
-19.291806	-19.822645	 -1.130339	 -1.060091	 -0.635824	 -0.685838	 -0.494273	 -0.532601	 -0.417197	 -0.450768	 -0.058415	 +0.116786	 +0.016850	 +0.189655	 +0.283140	 +0.492972	 +0.335005	 +0.541454
-19.281806	-19.826375	 -1.120339	 -1.153721	 -0.625824	 -0.686945	 -0.484273	 -0.533814	 -0.407197	 -0.451972	 -0.048415	 +0.116582	 +0.026850	 +0.189423	 +0.293140	 +0.492693	 +0.345005	 +0.541166
-19.271806	-19.830045	 -1.110339	 -1.225219	 -0.615824	 -0.688029	 -0.474273	 -0.535007	 -0.397197	 -0.453158	 -0.038415	 +0.116377	 +0.036850	 +0.189189	 +0.303140	 +0.492411	 +0.355005	 +0.540868
-19.261806	-19.833658	 -1.100339	 -0.854086	 -0.605824	 -0.689092	 -0.464273	 -0.536183	 -0.387197	 -0.454327	 -0.028415	 +0.116171	 +0.046850	 +0.188953	 +0.313140	 +0.492126	 +0.365005	 +0.540559
-19.251806	-19.837215	 -1.090339	 -1.099155	 -0.595824	 -0.690136	 -0.454273	 -0.537341	 -0.377197	 -0.455479	 -0.018415	 +0.115963	 +0.056850	 +0.188714	 +0.323140	 +0.491838	 +0.375005	 +0.540238
-19.241806	-19.840717	 -1.080339	 -1.171905	 -0.585824	 -0.691162	 -0.444273	 -0.538482	 -0.367197	 -0.456615	 -0.008415	 +0.115753	 +0.066850	 +0.188474	 +0.333140	 +0.491547	 +0.385005	 +0.539901
-19.231806	-19.844168	 -1.070339	 -1.035316	 -0.575824	 -0.692172	 -0.434273	 -0.539608	 -0.357197	 -0.457735	 +0.001585	 +0.115542	 +0.076850	 +0.188230	 +0.343140	 +0.491252	 +0.395005	 +0.539543
-19.221806	-19.847567	 -1.060339	 -1.128107	 -0.565824	 -0.693167	 -0.424273	 -0.540718	 -0.347197	 -0.458841	 +0.011585	 +0.115329	 +0.086850	 +0.187984	 +0.353140	 +0.490954	 +0.405005	 +0.539160
-19.211806	-19.850918	 -1.050339	 -1.147618	 -0.555824	 -0.694147	 -0.414273	 -0.541813	 -0.337197	 -0.459932	 +0.021585	 +0.115115	 +0.096850	 +0.187735	 +0.363140	 +0.490652	 +0.415005	 +0.538742
-19.201806	-19.854220	 -1.040339	 -1.158385	 -0.545824	 -0.695114	 -0.404273	 -0.542894	 -0.327197	 -0.461009	 +0.031585	 +0.114899	 +0.106850	 +0.187483	 +0.373140	 +0.490347	 +0.425005	 +0.538274
-19.191806	-19.857475	 -1.030339	 -1.165968	 -0.535824	 -0.696068	 -0.394273	 -0.543962	 -0.317197	 -0.462073	 +0.041585	 +0.114680	 +0.116850	 +0.187228	 +0.383140	 +0.490037	 +0.435005	 +0.537732
-19.181806	-19.860685	 -1.020339	 -1.171916	 -0.525824	 -0.697010	 -0.384273	 -0.545016	 -0.307197	 -0.463124	 +0.051585	 +0.114460	 +0.126850	 +0.186970	 +0.393140	 +0.489724	 +0.445005	 +0.537066
-19.171806	-19.863851	 -1.010339	 -1.176872	 -0.515824	 -0.697941	 -0.374273	 -0.546058	 -0.297197	 -0.464162	 +0.061585	 +0.114237	 +0.136850	 +0.186708	 +0.403140	 +0.489406	 +0.455005	 +0.536174
-19.161806	-19.866973	 -1.000339	 -1.181162	 -0.505824	 -0.698861	 -0.364273	 -0.547088	 -0.287197	 -0.465189	 +0.071585	 +0.114013	 +0.146850	 +0.186442	 +0.413140	 +0.489083	 +0.465005	 +0.534786
-19.151806	-19.870054	 -0.990339	 -1.184974	 -0.495824	 -0.699770	 -0.354273	 -0.548106	 -0.277197	 -0.466203	 +0.081585	 +0.113786	 +0.156850	 +0.186173	 +0.423140	 +0.488756	 +0.475005	 +0.531883
-19.141806	-19.873094	 -0.980339	 -1.188428	 -0.485824	 -0.700669	 -0.344273	 -0.549113	 -0.267197	 -0.467207	 +0.091585	 +0.113556	 +0.166850	 +0.185899	 +0.433140	 +0.488424	 +0.485005	 +0.517951
-19.131806	-19.876095	 -0.970339	 -1.191603	 -0.475824	 -0.701559	 -0.334273	 -0.550109	 -0.257197	 -0.468199	 +0.101585	 +0.113324	 +0.176850	 +0.185621	 +0.443140	 +0.488087	 +0.495005	 +0.553483
-19.121806	-19.879056	 -0.960339	 -1.194554	 -0.465824	 -0.702440	 -0.324273	 -0.551095	 -0.247197	 -0.469181	 +0.111585	 +0.113090	 +0.186850	 +0.185339	 +0.453140	 +0.487744	 +0.505005	 +0.543180
-19.111806	-19.881980	 -0.950339	 -1.197323	 -0.455824	 -0.703312	 -0.314273	 -0.552071	 -0.237197	 -0.470153	 +0.121585	 +0.112852	 +0.196850	 +0.185052	 +0.463140	 +0.487396	 +0.515005	 +0.540575
-19.101806	-19.884866	 -0.940339	 -1.199939	 -0.445824	 -0.704176	 -0.304273	 -0.553037	 -0.227197	 -0.471116	 +0.131585	 +0.112612	 +0.206850	 +0.184759	 +0.473140	 +0.487041	 +0.525005	 +0.539236
-19.091806	-19.887717	 -0.930339	 -1.202426	 -0.435824	 -0.705032	 -0.294273	 -0.553994	 -0.217197	 -0.472068	 +0.141585	 +0.112369	 +0.216850	 +0.184461	 +0.483140	 +0.486679	 +0.535005	 +0.538328
-19.081806	-19.890532	 -0.920339	 -1.204804	 -0.425824	 -0.705880	 -0.284273	 -0.554941	 -0.207197	 -0.473012	 +0.151585	 +0.112122	 +0.226850	 +0.184158	 +0.493140	 +0.486311	 +0.545005	 +0.537613
-19.071806	-19.893313	 -0.910339	 -1.207088	 -0.415824	 -0.706721	 -0.274273	 -0.555881	 -0.197197	 -0.473946	 +0.161585	 +0.111873	 +0.236850	 +0.183848	 +0.503140	 +0.485934	 +0.555005	 +0.536997
-19.061806	-19.896060	 -0.900339	 -1.209289	 -0.405824	 -0.707555	 -0.264273	 -0.556811	 -0.187197	 -0.474872	 +0.171585	 +0.111619	 +0.246850	 +0.183531	 +0.513140	 +0.485548	 +0.565005	 +0.536434
-19.051806	-19.898774	 -0.890339	 -1.211419	 -0.395824	 -0.708382	 -0.254273	 -0.557734	 -0.177197	 -0.475790	 +0.181585	 +0.111362	 +0.256850	 +0.183208	 +0.523140	 +0.485149	 +0.575005	 +0.535898
-19.041806	-19.901457	 -0.880339	 -1.213488	 -0.385824	 -0.709203	 -0.244273	 -0.558649	 -0.167197	 -0.476700	 +0.191585	 +0.111102	 +0.266850	 +0.182877	 +0.533140	 +0.484733	 +0.585005	 +0.535372
-19.031806	-19.904107	 -0.870339	 -1.215505	 -0.375824	 -0.710018	 -0.234273	 -0.559557	 -0.157197	 -0.477602	 +0.201585	 +0.110837	 +0.276850	 +0.182537	 +0.543140	 +0.484280	 +0.595005	 +0.534836
-19.021806	-19.906727	 -0.860339	 -1.217470	 -0.365824	 -0.710826	 -0.224273	 -0.560457	 -0.147197	 -0.478496	 +0.211585	 +0.110568	 +0.286850	 +0.182189	 +0.553140	 +0.483659	 +0.605005	 +0.534268
-19.011806	-19.909317	 -0.850339	 -1.219406	 -0.355824	 -0.711629	 -0.214273	 -0.561351	 -0.137197	 -0.479383	 +0.221585	 +0.110295	 +0.296850	 +0.181832	 +0.563140	 +0.483622	 +0.615005	 +0.533607
-19.001806	-19.911878	 -0.840339	 -1.221309	 -0.345824	 -0.712427	 -0.204273	 -0.562238	 -0.127197	 -0.480264	 +0.231585	 +0.110017	 +0.306850	 +0.181465	 +0.573140	 +0.483385	 +0.625005	 +0.532566
-18.991806	-19.914409	 -0.830339	 -1.223191	 -0.335824	 -0.713219	 -0.194273	 -0.563118	 -0.117197	 -0.481137	 +0.241585	 +0.109734	 +0.316850	 +0.181086	 +0.583140	 +0.482850	 +0.635005	 +0.537908
-18.981806	-19.916913	 -0.820339	 -1.225060	 -0.325824	 -0.714006	 -0.184273	 -0.563992	 -0.107197	 -0.482004	 +0.251585	 +0.109446	 +0.326850	 +0.180696	 +0.593140	 +0.482368	 +0.645005	 +0.533463
-18.971806	-19.919388	 -0.810339	 -1.226929	 -0.315824	 -0.714789	 -0.174273	 -0.564860	 -0.097197	 -0.482865	 +0.261585	 +0.109152	 +0.336850	 +0.180292	 +0.603140	 +0.481891	 +0.655005	 +0.532470
-18.961806	-19.921837	 -0.800339	 -1.228810	 -0.305824	 -0.715567	 -0.164273	 -0.565723	 -0.087197	 -0.483720	 +0.271585	 +0.108853	 +0.346850	 +0.179874	 +0.613140	 +0.481408	 +0.665005	 +0.531703
-18.951806	-19.924259	 -0.790339	 -1.230724	 -0.295824	 -0.716340	 -0.154273	 -0.566580	 -0.077197	 -0.484569	 +0.281585	 +0.108547	 +0.356850	 +0.179440	 +0.623140	 +0.480915	 +0.675005	 +0.530933
-18.941806	-19.926655	 -0.780339	 -1.232698	 -0.285824	 -0.717109	 -0.144273	 -0.567432	 -0.067197	 -0.485412	 +0.291585	 +0.108236	 +0.366850	 +0.178988	 +0.633140	 +0.480399	 +0.685005	 +0.530053
-18.931806	-19.929026	 -0.770339	 -1.234775	 -0.275824	 -0.717875	 -0.134273	 -0.568279	 -0.057197	 -0.486250	 +0.301585	 +0.107917	 +0.376850	 +0.178516	 +0.643140	 +0.479907	 +0.695005	 +0.528869
-18.921806	-19.931371	 -0.760339	 -1.237022	 -0.265824	 -0.718636	 -0.124273	 -0.569121	 -0.047197	 -0.487082	 +0.311585	 +0.107591	 +0.386850	 +0.178022	 +0.653140	 +0.479370	 +0.705005	 +0.526368
-18.911806	-19.933692	 -0.750339	 -1.239564	 -0.255824	 -0.719394	 -0.114273	 -0.569959	 -0.037197	 -0.487910	 +0.321585	 +0.107257	 +0.396850	 +0.177503	 +0.663140	 +0.478818	 +0.715005	 +0.528537
-18.901806	-19.935989	 -0.740339	 -1.242651	 -0.245824	 -0.720148	 -0.104273	 -0.570792	 -0.027197	 -0.488733	 +0.331585	 +0.106914	 +0.406850	 +0.176956	 +0.673140	 +0.478247	 +0.725005	 +0.547259
-18.891806	-19.938262	 -0.730339	 -1.246872	 -0.235824	 -0.720899	 -0.094273	 -0.571621	 -0.017197	 -0.489551	 +0.341585	 +0.106563	 +0.416850	 +0.176375	 +0.683140	 +0.477653	 +0.735005	 +0.532283
-18.881806	-19.940512	 -0.720339	 -1.254046	 -0.225824	 -0.721647	 -0.084273	 -0.572446	 -0.007197	 -0.490365	 +0.351585	 +0.106201	 +0.426850	 +0.175756	 +0.693140	 +0.477034	 +0.745005	 +0.529985
-18.871806	-19.942740	 -0.710339	 -1.273865	 -0.215824	 -0.722392	 -0.074273	 -0.573267	 +0.002803	 -0.491175	 +0.361585	 +0.105829	 +0.436850	 +0.175091	 +0.703140	 +0.476384	 +0.755005	 +0.528644
-18.861806	-19.944944	 -0.700339	 -1.078671	 -0.205824	 -0.723134	 -0.064273	 -0.574084	 +0.012803	 -0.491980	 +0.371585	 +0.105445	 +0.446850	 +0.174372	 +0.713140	 +0.475700	 +0.765005	 +0.527537
-18.851806	-19.947128	 -0.690339	 -1.212033	 -0.195824	 -0.723874	 -0.054273	 -0.574899	 +0.022803	 -0.492782	 +0.381585	 +0.105048	 +0.456850	 +0.173586	 +0.723140	 +0.474972	 +0.775005	 +0.526476
-18.841806	-19.949289	 -0.680339	 -1.227025	 -0.185824	 -0.724611	 -0.044273	 -0.575710	 +0.032803	 -0.493581	 +0.391585	 +0.104637	 +0.466850	 +0.172717	 +0.733140	 +0.474190	 +0.785005	 +0.525362
-18.831806	-19.951429	 -0.670339	 -1.233197	 -0.175824	 -0.725346	 -0.034273	 -0.576518	 +0.042803	 -0.494376	 +0.401585	 +0.104209	 +0.476850	 +0.171742	 +0.743140	 +0.473336	 +0.795005	 +0.524084
-18.821806	-19.953549	 -0.660339	 -1.236957	 -0.165824	 -0.726078	 -0.024273	 -0.577323	 +0.052803	 -0.495167	 +0.411585	 +0.103762	 +0.486850	 +0.170625	 +0.753140	 +0.472382	 +0.805005	 +0.522344
-18.811806	-19.955648	 -0.650339	 -1.239710	 -0.155824	 -0.726809	 -0.014273	 -0.578125	 +0.062803	 -0.495956	 +0.421585	 +0.103292	 +0.496850	 +0.169313	 +0.763140	 +0.471271	 +0.815005	 +0.517562
-18.801806	-19.957727	 -0.640339	 -1.241942	 -0.145824	 -0.727537	 -0.004273	 -0.578925	 +0.072803	 -0.496742	 +0.431585	 +0.102794	 +0.506850	 +0.167715	 +0.773140	 +0.469873	 +0.825005	 +0.525042
-18.791806	-19.959786	 -0.630339	 -1.243868	 -0.135824	 -0.728264	 +0.005727	 -0.579723	 +0.082803	 -0.497526	 +0.441585	 +0.102258	 +0.516850	 +0.165661	 +0.783140	 +0.467769	 +0.835005	 +0.521017
-18.781806	-19.961826	 -0.620339	 -1.245594	 -0.125824	 -0.728990	 +0.015727	 -0.580519	 +0.092803	 -0.498307	 +0.451585	 +0.101668	 +0.526850	 +0.162791	 +0.793140	 +0.461970	 +0.845005	 +0.518207
-18.771806	-19.963847	 -0.610339	 -1.247183	 -0.115824	 -0.729714	 +0.025727	 -0.581313	 +0.102803	 -0.499086	 +0.461585	 +0.100982	 +0.536850	 +0.158142	 +0.803140	 +0.476723	 +0.855005	 +0.514457
-18.761806	-19.965849	 -0.600339	 -1.248670	 -0.105824	 -0.730437	 +0.035727	 -0.582105	 +0.112803	 -0.499863	 +0.471585	 +0.100076	 +0.546850	 +0.147844	 +0.813140	 +0.467761	 +0.865005	 +0.504917
-18.751806	-19.967833	 -0.590339	 -1.250080	 -0.095824	 -0.731159	 +0.045727	 -0.582896	 +0.122803	 -0.500638	 +0.481585	 +0.098217	 +0.556850	 +0.077556	 +0.823140	 +0.459345	 +0.875005	 +0.510064
-18.741806	-19.969798	 -0.580339	 -1.251430	 -0.085824	 -0.731879	 +0.055727	 -0.583686	 +0.132803	 -0.501412	 +0.491585	 +0.106890	 +0.566850	 +0.217888	 +0.833140	 +0.502998	 +0.885005	 +0.530557
-18.731806	-19.971746	 -0.570339	 -1.252729	 -0.075824	 -0.732599	 +0.065727	 -0.584474	 +0.142803	 -0.502185	 +0.501585	 +0.100825	 +0.576850	 +0.180473	 +0.843140	 +0.475208	 +0.895005	 +0.573144
-18.721806	-19.973676	 -0.560339	 -1.253987	 -0.065824	 -0.733318	 +0.075727	 -0.585262	 +0.152803	 -0.502957	 +0.511585	 +0.099480	 +0.586850	 +0.170794	 +0.853140	 +0.470531	 +0.905005	 +0.520787
-18.711806	-19.975589	 -0.550339	 -1.255210	 -0.055824	 -0.734037	 +0.085727	 -0.586049	 +0.162803	 -0.503729	 +0.521585	 +0.098500	 +0.596850	 +0.163547	 +0.863140	 +0.468411	 +0.915005	 +0.604564
-18.701806	-19.977485	 -0.540339	 -1.256402	 -0.045824	 -0.734756	 +0.095727	 -0.586835	 +0.172803	 -0.504500	 +0.531585	 +0.097581	 +0.606850	 +0.154911	 +0.873140	 +0.466155	 +0.925005	 +0.538275
-18.691806	-19.979364	 -0.530339	 -1.257567	 -0.035824	 -0.735474	 +0.105727	 -0.587622	 +0.182803	 -0.505272	 +0.541585	 +0.096640	 +0.616850	 +0.140035	 +0.883140	 +0.463880	 +0.935005	 +0.550212
-18.681806	-19.981227	 -0.520339	 -1.258708	 -0.025824	 -0.736192	 +0.115727	 -0.588408	 +0.192803	 -0.506044	 +0.551585	 +0.095633	 +0.626850	 +0.096344	 +0.893140	 +0.463147	 +0.945005	 +0.530424
-18.671806	-19.983074	 -0.510339	 -1.259828	 -0.015824	 -0.736910	 +0.125727	 -0.589195	 +0.202803	 -0.506818	 +0.561585	 +0.094520	 +0.636850	 +0.541892	 +0.903140	 +0.460747	 +0.955005	 +0.525216
-18.661806	-19.984904	 -0.500339	 -1.260927	 -0.005824	 -0.737628	 +0.135727	 -0.589982	 +0.212803	 -0.507593	 +0.571585	 +0.093251	 +0.646850	 +0.240934	 +0.913140	 +0.458386	 +0.965005	 +0.520878
-18.651806	-19.986719	 -0.490339	 -1.262009	 +0.004176	 -0.738347	 +0.145727	 -0.590770	 +0.222803	 -0.508370	 +0.581585	 +0.091751	 +0.656850	 +0.209020	 +0.923140	 +0.455570	 +0.975005	 +0.510879
-18.641806	-19.988519	 -0.480339	 -1.263073	 +0.014176	 -0.739066	 +0.155727	 -0.591559	 +0.232803	 -0.509150	 +0.591585	 +0.089881	 +0.666850	 +0.196972	 +0.933140	 +0.451565	 +0.985005	 +0.517241
-18.631806	-19.990303	 -0.470339	 -1.264122	 +0.024176	 -0.739786	 +0.165727	 -0.592349	 +0.242803	 -0.509934	 +0.601585	 +0.087355	 +0.676850	 +0.190351	 +0.943140	 +0.438206	 +0.995005	 +0.491980
-18.621806	-19.992072	 -0.460339	 -1.265157	 +0.034176	 -0.740507	 +0.175727	 -0.593141	 +0.252803	 -0.510724	 +0.611585	 +0.083403	 +0.686850	 +0.185970	 +0.953140	 +0.455275	 +1.005005	 +0.526983
-18.611806	-19.993827	 -0.450339	 -1.266178	 +0.044176	 -0.741229	 +0.185727	 -0.593935	 +0.262803	 -0.511519	 +0.621585	 +0.074933	 +0.696850	 +0.182717	 +0.963140	 +0.429245	 +1.015005	 +0.517751
-18.601806	-19.995566	 -0.440339	 -1.267186	 +0.054176	 -0.741952	 +0.195727	 -0.594731	 +0.272803	 -0.512322	 +0.631585	 +0.020570	 +0.706850	 +0.180099	 +0.973140	 +0.476402	 +1.025005	 +0.509205
-18.591806	-19.997292	 -0.430339	 -1.268182	 +0.064176	 -0.742677	 +0.205727	 -0.595530	 +0.282803	 -0.513136	 +0.641585	 +0.114775	 +0.716850	 +0.177861	 +0.983140	 +0.424930	 +1.035005	 +0.537121
-18.581806	-19.999003	 -0.420339	 -1.269166	 +0.074176	 -0.743403	 +0.215727	 -0.596332	 +0.292803	 -0.513962	 +0.651585	 +0.097023	 +0.726850	 +0.175853	 +0.993140	 +0.457722	 +1.045005	 +0.516475
-18.571806	-20.000701	 -0.410339	 -1.270139	 +0.084176	 -0.744130	 +0.225727	 -0.597137	 +0.302803	 -0.514805	 +0.661585	 +0.089672	 +0.736850	 +0.173977	 +1.003140	 +0.447237	 +1.055005	 +0.510211
-18.561806	-20.002385	 -0.400339	 -1.271102	 +0.094176	 -0.744860	 +0.235727	 -0.597947	 +0.312803	 -0.515671	 +0.671585	 +0.083305	 +0.746850	 +0.172163	 +1.013140	 +0.438305	 +1.065005	 +0.501718
-18.551806	-20.004055	 -0.390339	 -1.272055	 +0.104176	 -0.745591	 +0.245727	 -0.598761	 +0.322803	 -0.516568	 +0.681585	 +0.075211	 +0.756850	 +0.170353	 +1.023140	 +0.425467	 +1.075005	 +0.506860
-18.541806	-20.005711	 -0.380339	 -1.272998	 +0.114176	 -0.746325	 +0.255727	 -0.599580	 +0.332803	 -0.517507	 +0.691585	 +0.061064	 +0.766850	 +0.168490	 +1.033140	 +0.419800	 +1.085005	 +0.504218
-18.531806	-20.007355	 -0.370339	 -1.273932	 +0.124176	 -0.747061	 +0.265727	 -0.600405	 +0.342803	 -0.518510	 +0.701585	 +0.020784	 +0.776850	 +0.166511	 +1.043140	 +0.376033	 +1.095005	 +0.491522
-18.521806	-20.008986	 -0.360339	 -1.274857	 +0.134176	 -0.747800	 +0.275727	 -0.601237	 +0.352803	 -0.519612	 +0.711585	 +0.401410	 +0.786850	 +0.164336	 +1.053140	 +0.375794	 +1.105005	 +0.475464
-18.511806	-20.010604	 -0.350339	 -1.275774	 +0.144176	 -0.748542	 +0.285727	 -0.602076	 +0.362803	 -0.520880	 +0.721585	 +0.163961	 +0.796850	 +0.161841	 +1.063140	 +0.429432	 +1.115005	 +0.339823
-18.501806	-20.012209	 -0.340339	 -1.276683	 +0.154176	 -0.749287	 +0.295727	 -0.602923	 +0.372803	 -0.522464	 +0.731585	 +0.129640	 +0.806850	 +0.158839	 +1.073140	 +0.702473	 +1.125005	 +0.550283
-18.491806	-20.013802	 -0.330339	 -1.277583	 +0.164176	 -0.750036	 +0.305727	 -0.603781	 +0.382803	 -0.524774	 +0.741585	 +0.116895	 +0.816850	 +0.154933	 +1.083140	 +0.539011	 +1.135005	 +0.486932
-18.481806	-20.015382	 -0.320339	 -1.278477	 +0.174176	 -0.750788	 +0.315727	 -0.604649	 +0.392803	 -0.529464	 +0.751585	 +0.109847	 +0.826850	 +0.149217	 +1.093140	 +0.500362	 +1.145005	 +0.495313
-18.471806	-20.016951	 -0.310339	 -1.279363	 +0.184176	 -0.751543	 +0.325727	 -0.605530	 +0.402803	 -0.557164	 +0.761585	 +0.105083	 +0.836850	 +0.139923	 +1.103140	 +0.480474	 +1.155005	 +0.535272
-18.461806	-20.018507	 -0.300339	 -1.280242	 +0.194176	 -0.752303	 +0.335727	 -0.606426	 +0.412803	 -0.505555	 +0.771585	 +0.101424	 +0.846850	 +0.116253	 +1.113140	 +0.463919	 +1.165005	 +0.513239
-18.451806	-20.020052	 -0.290339	 -1.281114	 +0.204176	 -0.753067	 +0.345727	 -0.607340	 +0.422803	 -0.515809	 +0.781585	 +0.098345	 +0.856850	 -0.084004	 +1.123140	 +0.413759	 +1.175005	 +0.498030
-18.441806	-20.021585	 -0.280339	 -1.281980	 +0.214176	 -0.753836	 +0.355727	 -0.608275	 +0.432803	 -0.519124	 +0.791585	 +0.095552	 +0.866850	 +0.230716	 +1.133140	 +0.485415	 +1.185005	 +0.471448
-18.431806	-20.023106	 -0.270339	 -1.282839	 +0.224176	 -0.754610	 +0.365727	 -0.609235	 +0.442803	 -0.521082	 +0.801585	 +0.092831	 +0.876850	 +0.191517	 +1.143140	 +0.456514	 +1.195005	 +0.583743
-18.421806	-20.024616	 -0.260339	 -1.283692	 +0.234176	 -0.755389	 +0.375727	 -0.610226	 +0.452803	 -0.522553	 +0.811585	 +0.089800	 +0.886850	 +0.177525	 +1.153140	 +0.458478	 +1.205005	 +0.615417
-18.411806	-20.026116	 -0.250339	 -1.284540	 +0.244176	 -0.756174	 +0.385727	 -0.611256	 +0.462803	 -0.523799	 +0.821585	 +0.089910	 +0.896850	 +0.171686	 +1.163140	 +0.480457	 +1.215005	 +0.540957
-18.401806	-20.027603	 -0.240339	 -1.285381	 +0.254176	 -0.756965	 +0.395727	 -0.612335	 +0.472803	 -0.524930	 +0.831585	 +0.085309	 +0.906850	 +0.166025	 +1.173140	 +0.461883	 +1.225005	 +0.524528
-18.391806	-20.029081	 -0.230339	 -1.286217	 +0.264176	 -0.757762	 +0.405727	 -0.613481	 +0.482803	 -0.526004	 +0.841585	 +0.081543	 +0.916850	 +0.161066	 +1.183140	 +0.449266	 +1.235005	 +0.512343
-18.381806	-20.030547	 -0.220339	 -1.287048	 +0.274176	 -0.758567	 +0.415727	 -0.614716	 +0.492803	 -0.527057	 +0.851585	 +0.076757	 +0.926850	 +0.155918	 +1.193140	 +0.443226	 +1.245005	 +0.500488
-18.371806	-20.032003	 -0.210339	 -1.287874	 +0.284176	 -0.759378	 +0.425727	 -0.616082	 +0.502803	 -0.528124	 +0.861585	 +0.068382	 +0.936850	 +0.149211	 +1.203140	 +0.421023	 +1.255005	 +0.478525
-18.361806	-20.033448	 -0.200339	 -1.288694	 +0.294176	 -0.760198	 +0.435727	 -0.617646	 +0.512803	 -0.529251	 +0.871585	 +0.080809	 +0.946850	 +0.147346	 +1.213140	 +0.476321	 +1.265005	 +0.562678
-18.351806	-20.034883	 -0.190339	 -1.289510	 +0.304176	 -0.761026	 +0.445727	 -0.619539	 +0.522803	 -0.530538	 +0.881585	 +0.021946	 +0.956850	 +0.132133	 +1.223140	 +0.404041	 +1.275005	 +0.491625
-18.341806	-20.036307	 -0.180339	 -1.290321	 +0.314176	 -0.761863	 +0.455727	 -0.622045	 +0.532803	 -0.532286	 +0.891585	 +0.022081	 +0.966850	 +0.025929	 +1.233140	 +0.186306	 +1.285005	 +0.375270
-18.331806	-20.037722	 -0.170339	 -1.291128	 +0.324176	 -0.762709	 +0.465727	 -0.625925	 +0.542803	 -0.536392	 +0.901585	 +0.091336	 +0.976850	 +0.187747	 +1.243140	 +0.513843	 +1.295005	 +0.561063
-18.321806	-20.039126	 -0.160339	 -1.291930	 +0.334176	 -0.763566	 +0.475727	 -0.634136	 +0.552803	 -0.518347	 +0.911585	 +0.067633	 +0.986850	 +0.162004	 +1.253140	 +0.462407	 +1.305005	 +0.512171
-18.311806	-20.040521	 -0.150339	 -1.292728	 +0.344176	 -0.764435	 +0.485727	 -0.678356	 +0.562803	 -0.529221	 +0.921585	 +0.039726	 +0.996850	 +0.150049	 +1.263140	 +0.426357	 +1.315005	 +0.477299
-18.301806	-20.041906	 -0.140339	 -1.293522	 +0.354176	 -0.765316	 +0.495727	 -0.582124	 +0.572803	 -0.531492	 +0.931585	 -0.130670	 +1.006850	 +0.139856	 +1.273140	 +0.372396	 +1.325005	 +0.504346
-18.291806	-20.043281	 -0.130339	 -1.294313	 +0.364176	 -0.766210	 +0.505727	 -0.605160	 +0.582803	 -0.532908	 +0.941585	 +0.148239	 +1.016850	 +0.126234	 +1.283140	 +0.110495	 +1.335005	 +0.506530
-18.281806	-20.044647	 -0.120339	 -1.295099	 +0.374176	 -0.767119	 +0.515727	 -0.611638	 +0.592803	 -0.534069	 +0.951585	 +0.100262	 +1.026850	 +0.131830	 +1.293140	 +0.527743	 +1.345005	 +0.485748
-18.271806	-20.046004	 -0.110339	 -1.295882	 +0.384176	 -0.768044	 +0.525727	 -0.615140	 +0.602803	 -0.535124	 +0.961585	 +0.079211	 +1.036850	 +0.105325	 +1.303140	 +0.465718	 +1.355005	 +0.468864
-18.261806	-20.047351	 -0.100339	 -1.296661	 +0.394176	 -0.768987	 +0.535727	 -0.617610	 +0.612803	 -0.536127	 +0.971585	 +0.058722	 +1.046850	 -0.000994	 +1.313140	 +0.427946	 +1.365005	 +0.445275
-18.251806	-20.048689	 -0.090339	 -1.297437	 +0.404176	 -0.769949	 +0.545727	 -0.619624	 +0.622803	 -0.537104	 +0.981585	 +0.024348	 +1.056850	 +0.082701	 +1.323140	 +0.375788	 +1.375005	 +0.409030
-18.241806	-20.050018	 -0.080339	 -1.298210	 +0.414176	 -0.770933	 +0.555727	 -0.621420	 +0.632803	 -0.538068	 +0.991585	 -0.103736	 +1.066850	 -0.034721	 +1.333140	 +0.196766	 +1.385005	 +0.273614
-18.231806	-20.051338	 -0.070339	 -1.298980	 +0.424176	 -0.771943	 +0.565727	 -0.623124	 +0.642803	 -0.539029	 +1.001585	 +0.365239	 +1.076850	 +0.431587	 +1.343140	 +0.836196	 +1.395005	 +0.713151
-18.221806	-20.052649	 -0.060339	 -1.299747	 +0.434176	 -0.772981	 +0.575727	 -0.624824	 +0.652803	 -0.539993	 +1.011585	 +0.171341	 +1.086850	 +0.217807	 +1.353140	 +0.567385	 +1.405005	 +0.483842
-18.211806	-20.053951	 -0.050339	 -1.300511	 +0.444176	 -0.774053	 +0.585727	 -0.626607	 +0.662803	 -0.540964	 +1.021585	 +0.130847	 +1.096850	 +0.161396	 +1.363140	 +0.508197	 +1.415005	 +0.192401
-18.201806	-20.055245	 -0.040339	 -1.301272	 +0.454176	 -0.775163	 +0.595727	 -0.628601	 +0.672803	 -0.541947	 +1.031585	 +0.095054	 +1.106850	 +0.110488	 +1.373140	 +0.456527	 +1.425005	 +0.728126
