#omega_9	E_QP(omega)_9#	omega_10	E_QP(omega)_10
-0.326181	-0.182780	-0.308210	+0.012782
-0.325181	-0.195226	-0.307210	+0.011581
-0.324181	-0.211505	-0.306210	+0.010426
-0.323181	-0.234373	-0.305210	+0.009314
-0.322181	-0.264578	-0.304210	+0.008242
-0.321181	-0.237696	-0.303210	+0.007207
-0.320181	-0.066475	-0.302210	+0.006207
-0.319181	-0.069490	-0.301210	+0.005240
-0.318181	-0.098559	-0.300210	+0.004303
-0.317181	-0.119256	-0.299210	+0.003395
-0.316181	-0.133960	-0.298210	+0.002514
-0.315181	-0.145149	-0.297210	+0.001658
-0.314181	-0.154211	-0.296210	+0.000826
-0.313181	-0.161924	-0.295210	+0.000016
-0.312181	-0.168753	-0.294210	-0.000772
-0.311181	-0.174995	-0.293210	-0.001541
-0.310181	-0.180857	-0.292210	-0.002290
-0.309181	-0.186496	-0.291210	-0.003022
-0.308181	-0.192042	-0.290210	-0.003736
-0.307181	-0.197617	-0.289210	-0.004435
-0.306181	-0.203350	-0.288210	-0.005118
-0.305181	-0.209391	-0.287210	-0.005786
-0.304181	-0.215933	-0.286210	-0.006440
-0.303181	-0.223244	-0.285210	-0.007081
-0.302181	-0.231726	-0.284210	-0.007710
-0.301181	-0.242017	-0.283210	-0.008327
-0.300181	-0.255200	-0.282210	-0.008932
-0.299181	-0.273219	-0.281210	-0.009526
-0.298181	-0.299547	-0.280210	-0.010110
-0.297181	-0.337205	-0.279210	-0.010683
-0.296181	-0.332992	-0.278210	-0.011248
-0.295181	-0.090993	-0.277210	-0.011803
-0.294181	-0.059162	-0.276210	-0.012349
-0.293181	-0.097413	-0.275210	-0.012888
-0.292181	-0.125026	-0.274210	-0.013418
-0.291181	-0.143547	-0.273210	-0.013941
-0.290181	-0.156699	-0.272210	-0.014457
-0.289181	-0.166603	-0.271210	-0.014965
-0.288181	-0.174429	-0.270210	-0.015468
-0.287181	-0.180852	-0.269210	-0.015964
-0.286181	-0.186287	-0.268210	-0.016454
-0.285181	-0.191000	-0.267210	-0.016938
-0.284181	-0.195169	-0.266210	-0.017418
-0.283181	-0.198918	-0.265210	-0.017892
-0.282181	-0.202336	-0.264210	-0.018361
-0.281181	-0.205488	-0.263210	-0.018826
-0.280181	-0.208424	-0.262210	-0.019287
-0.279181	-0.211184	-0.261210	-0.019743
-0.278181	-0.213798	-0.260210	-0.020196
-0.277181	-0.216291	-0.259210	-0.020646
-0.276181	-0.218684	-0.258210	-0.021092
-0.275181	-0.220995	-0.257210	-0.021535
-0.274181	-0.223240	-0.256210	-0.021976
-0.273181	-0.225434	-0.255210	-0.022414
-0.272181	-0.227591	-0.254210	-0.022851
-0.271181	-0.229724	-0.253210	-0.023285
-0.270181	-0.231849	-0.252210	-0.023718
-0.269181	-0.233980	-0.251210	-0.024150
-0.268181	-0.236136	-0.250210	-0.024581
-0.267181	-0.238339	-0.249210	-0.025012
-0.266181	-0.240614	-0.248210	-0.025442
-0.265181	-0.242996	-0.247210	-0.025873
-0.264181	-0.245530	-0.246210	-0.026304
-0.263181	-0.248280	-0.245210	-0.026736
-0.262181	-0.251336	-0.244210	-0.027170
-0.261181	-0.254838	-0.243210	-0.027605
-0.260181	-0.259004	-0.242210	-0.028044
-0.259181	-0.264201	-0.241210	-0.028485
-0.258181	-0.271074	-0.240210	-0.028930
-0.257181	-0.280807	-0.239210	-0.029379
-0.256181	-0.295183	-0.238210	-0.029834
-0.255181	-0.309091	-0.237210	-0.030294
-0.254181	-0.241846	-0.236210	-0.030762
-0.253181	-0.179955	-0.235210	-0.031238
-0.252181	-0.194447	-0.234210	-0.031723
-0.251181	-0.208505	-0.233210	-0.032219
-0.250181	-0.217942	-0.232210	-0.032727
-0.249181	-0.224540	-0.231210	-0.033250
-0.248181	-0.229453	-0.230210	-0.033788
-0.247181	-0.233311	-0.229210	-0.034346
-0.246181	-0.236471	-0.228210	-0.034925
-0.245181	-0.239147	-0.227210	-0.035529
-0.244181	-0.241472	-0.226210	-0.036162
-0.243181	-0.243536	-0.225210	-0.036830
-0.242181	-0.245398	-0.224210	-0.037537
-0.241181	-0.247101	-0.223210	-0.038292
-0.240181	-0.248676	-0.222210	-0.039104
-0.239181	-0.250146	-0.221210	-0.039984
-0.238181	-0.251529	-0.220210	-0.040946
-0.237181	-0.252838	-0.219210	-0.042010
-0.236181	-0.254083	-0.218210	-0.043201
-0.235181	-0.255274	-0.217210	-0.044552
-0.234181	-0.256417	-0.216210	-0.046110
-0.233181	-0.257517	-0.215210	-0.047939
-0.232181	-0.258579	-0.214210	-0.050136
-0.231181	-0.259608	-0.213210	-0.052846
-0.230181	-0.260606	-0.212210	-0.056296
-0.229181	-0.261577	-0.211210	-0.060867
-0.228181	-0.262522	-0.210210	-0.067227
-0.227181	-0.263443	-0.209210	-0.076595
-0.226181	-0.264343	-0.208210	-0.090973
-0.225181	-0.265224	-0.207210	-0.108271
-0.224181	-0.266085	-0.206210	-0.056969
-0.223181	-0.266930	-0.205210	+0.040107
-0.222181	-0.267758	-0.204210	+0.028753
-0.221181	-0.268571	-0.203210	+0.012511
-0.220181	-0.269369	-0.202210	+0.001826
-0.219181	-0.270154	-0.201210	-0.005295
-0.218181	-0.270927	-0.200210	-0.010320
-0.217181	-0.271686	-0.199210	-0.014052
-0.216181	-0.272435	-0.198210	-0.016942
-0.215181	-0.273172	-0.197210	-0.019257
-0.214181	-0.273899	-0.196210	-0.021162
-0.213181	-0.274615	-0.195210	-0.022766
-0.212181	-0.275322	-0.194210	-0.024142
-0.211181	-0.276020	-0.193210	-0.025343
-0.210181	-0.276709	-0.192210	-0.026404
-0.209181	-0.277389	-0.191210	-0.027354
-0.208181	-0.278061	-0.190210	-0.028212
-0.207181	-0.278725	-0.189210	-0.028995
-0.206181	-0.279382	-0.188210	-0.029715
-0.205181	-0.280031	-0.187210	-0.030382
-0.204181	-0.280673	-0.186210	-0.031003
-0.203181	-0.281308	-0.185210	-0.031585
-0.202181	-0.281937	-0.184210	-0.032134
-0.201181	-0.282559	-0.183210	-0.032652
-0.200181	-0.283175	-0.182210	-0.033145
-0.199181	-0.283785	-0.181210	-0.033615
-0.198181	-0.284390	-0.180210	-0.034065
-0.197181	-0.284988	-0.179210	-0.034496
-0.196181	-0.285582	-0.178210	-0.034912
-0.195181	-0.286170	-0.177210	-0.035312
-0.194181	-0.286753	-0.176210	-0.035699
-0.193181	-0.287331	-0.175210	-0.036074
-0.192181	-0.287904	-0.174210	-0.036438
-0.191181	-0.288473	-0.173210	-0.036792
-0.190181	-0.289037	-0.172210	-0.037137
-0.189181	-0.289597	-0.171210	-0.037474
-0.188181	-0.290153	-0.170210	-0.037802
-0.187181	-0.290705	-0.169210	-0.038124
-0.186181	-0.291253	-0.168210	-0.038438
-0.185181	-0.291797	-0.167210	-0.038747
-0.184181	-0.292337	-0.166210	-0.039050
-0.183181	-0.292874	-0.165210	-0.039347
-0.182181	-0.293408	-0.164210	-0.039639
-0.181181	-0.293939	-0.163210	-0.039927
-0.180181	-0.294466	-0.162210	-0.040210
-0.179181	-0.294991	-0.161210	-0.040489
-0.178181	-0.295513	-0.160210	-0.040765
-0.177181	-0.296032	-0.159210	-0.041036
-0.176181	-0.296549	-0.158210	-0.041305
-0.175181	-0.297063	-0.157210	-0.041570
-0.174181	-0.297575	-0.156210	-0.041831
-0.173181	-0.298086	-0.155210	-0.042090
-0.172181	-0.298594	-0.154210	-0.042347
-0.171181	-0.299101	-0.153210	-0.042600
-0.170181	-0.299606	-0.152210	-0.042851
-0.169181	-0.300111	-0.151210	-0.043100
-0.168181	-0.300614	-0.150210	-0.043347
-0.167181	-0.301116	-0.149210	-0.043591
-0.166181	-0.301618	-0.148210	-0.043833
-0.165181	-0.302119	-0.147210	-0.044074
-0.164181	-0.302621	-0.146210	-0.044312
-0.163181	-0.303122	-0.145210	-0.044549
-0.162181	-0.303625	-0.144210	-0.044784
-0.161181	-0.304128	-0.143210	-0.045018
-0.160181	-0.304633	-0.142210	-0.045250
-0.159181	-0.305139	-0.141210	-0.045481
-0.158181	-0.305648	-0.140210	-0.045710
-0.157181	-0.306160	-0.139210	-0.045938
-0.156181	-0.306676	-0.138210	-0.046165
-0.155181	-0.307196	-0.137210	-0.046390
-0.154181	-0.307721	-0.136210	-0.046614
-0.153181	-0.308252	-0.135210	-0.046837
-0.152181	-0.308791	-0.134210	-0.047059
-0.151181	-0.309338	-0.133210	-0.047281
-0.150181	-0.309895	-0.132210	-0.047501
-0.149181	-0.310464	-0.131210	-0.047720
-0.148181	-0.311047	-0.130210	-0.047938
-0.147181	-0.311647	-0.129210	-0.048156
-0.146181	-0.312267	-0.128210	-0.048372
-0.145181	-0.312911	-0.127210	-0.048588
-0.144181	-0.313584	-0.126210	-0.048804
-0.143181	-0.314292	-0.125210	-0.049018
-0.142181	-0.315042	-0.124210	-0.049232
-0.141181	-0.315846	-0.123210	-0.049445
-0.140181	-0.316717	-0.122210	-0.049658
-0.139181	-0.317673	-0.121210	-0.049870
-0.138181	-0.318740	-0.120210	-0.050081
-0.137181	-0.319956	-0.119210	-0.050292
-0.136181	-0.321373	-0.118210	-0.050503
-0.135181	-0.323076	-0.117210	-0.050713
-0.134181	-0.325197	-0.116210	-0.050923
-0.133181	-0.327962	-0.115210	-0.051132
-0.132181	-0.331773	-0.114210	-0.051341
-0.131181	-0.337363	-0.113210	-0.051550
-0.130181	-0.345729	-0.112210	-0.051758
-0.129181	-0.351649	-0.111210	-0.051966
-0.128181	-0.303351	-0.110210	-0.052174
-0.127181	-0.277938	-0.109210	-0.052382
-0.126181	-0.286822	-0.108210	-0.052589
-0.125181	-0.294244	-0.107210	-0.052796
-0.124181	-0.299159	-0.106210	-0.053003
-0.123181	-0.302567	-0.105210	-0.053210
-0.122181	-0.305078	-0.104210	-0.053417
-0.121181	-0.307027	-0.103210	-0.053624
-0.120181	-0.308603	-0.102210	-0.053831
-0.119181	-0.309920	-0.101210	-0.054037
-0.118181	-0.311051	-0.100210	-0.054244
-0.117181	-0.312043	-0.099210	-0.054451
-0.116181	-0.312930	-0.098210	-0.054658
-0.115181	-0.313735	-0.097210	-0.054865
-0.114181	-0.314473	-0.096210	-0.055072
-0.113181	-0.315159	-0.095210	-0.055279
-0.112181	-0.315801	-0.094210	-0.055486
-0.111181	-0.316406	-0.093210	-0.055694
-0.110181	-0.316981	-0.092210	-0.055901
-0.109181	-0.317529	-0.091210	-0.056109
-0.108181	-0.318055	-0.090210	-0.056318
-0.107181	-0.318562	-0.089210	-0.056526
-0.106181	-0.319051	-0.088210	-0.056735
-0.105181	-0.319526	-0.087210	-0.056945
-0.104181	-0.319987	-0.086210	-0.057155
-0.103181	-0.320437	-0.085210	-0.057365
-0.102181	-0.320876	-0.084210	-0.057576
-0.101181	-0.321305	-0.083210	-0.057787
-0.100181	-0.321726	-0.082210	-0.057999
-0.099181	-0.322139	-0.081210	-0.058212
-0.098181	-0.322545	-0.080210	-0.058426
-0.097181	-0.322944	-0.079210	-0.058640
-0.096181	-0.323337	-0.078210	-0.058855
-0.095181	-0.323725	-0.077210	-0.059071
-0.094181	-0.324107	-0.076210	-0.059288
-0.093181	-0.324485	-0.075210	-0.059506
-0.092181	-0.324858	-0.074210	-0.059725
-0.091181	-0.325227	-0.073210	-0.059945
-0.090181	-0.325592	-0.072210	-0.060167
-0.089181	-0.325953	-0.071210	-0.060390
-0.088181	-0.326311	-0.070210	-0.060615
-0.087181	-0.326665	-0.069210	-0.060841
-0.086181	-0.327017	-0.068210	-0.061070
-0.085181	-0.327365	-0.067210	-0.061300
-0.084181	-0.327711	-0.066210	-0.061533
-0.083181	-0.328054	-0.065210	-0.061768
-0.082181	-0.328395	-0.064210	-0.062006
-0.081181	-0.328733	-0.063210	-0.062247
-0.080181	-0.329069	-0.062210	-0.062491
-0.079181	-0.329403	-0.061210	-0.062739
-0.078181	-0.329734	-0.060210	-0.062992
-0.077181	-0.330064	-0.059210	-0.063249
-0.076181	-0.330392	-0.058210	-0.063512
-0.075181	-0.330718	-0.057210	-0.063781
-0.074181	-0.331042	-0.056210	-0.064058
-0.073181	-0.331364	-0.055210	-0.064343
-0.072181	-0.331685	-0.054210	-0.064639
-0.071181	-0.332004	-0.053210	-0.064947
-0.070181	-0.332322	-0.052210	-0.065269
-0.069181	-0.332639	-0.051210	-0.065610
-0.068181	-0.332954	-0.050210	-0.065973
-0.067181	-0.333267	-0.049210	-0.066365
-0.066181	-0.333579	-0.048210	-0.066794
-0.065181	-0.333891	-0.047210	-0.067272
-0.064181	-0.334200	-0.046210	-0.067819
-0.063181	-0.334509	-0.045210	-0.068463
-0.062181	-0.334817	-0.044210	-0.069252
-0.061181	-0.335123	-0.043210	-0.070267
-0.060181	-0.335429	-0.042210	-0.071658
-0.059181	-0.335733	-0.041210	-0.073687
-0.058181	-0.336036	-0.040210	-0.076462
-0.057181	-0.336339	-0.039210	-0.074303
-0.056181	-0.336640	-0.038210	-0.057353
-0.055181	-0.336941	-0.037210	-0.057131
-0.054181	-0.337241	-0.036210	-0.059852
-0.053181	-0.337540	-0.035210	-0.061772
-0.052181	-0.337838	-0.034210	-0.063102
-0.051181	-0.338136	-0.033210	-0.064088
-0.050181	-0.338433	-0.032210	-0.064864
-0.049181	-0.338729	-0.031210	-0.065507
-0.048181	-0.339024	-0.030210	-0.066060
-0.047181	-0.339319	-0.029210	-0.066551
-0.046181	-0.339613	-0.028210	-0.066997
-0.045181	-0.339907	-0.027210	-0.067409
-0.044181	-0.340200	-0.026210	-0.067797
-0.043181	-0.340492	-0.025210	-0.068166
-0.042181	-0.340784	-0.024210	-0.068521
-0.041181	-0.341076	-0.023210	-0.068865
-0.040181	-0.341367	-0.022210	-0.069200
-0.039181	-0.341658	-0.021210	-0.069531
-0.038181	-0.341948	-0.020210	-0.069858
-0.037181	-0.342238	-0.019210	-0.070184
-0.036181	-0.342527	-0.018210	-0.070511
-0.035181	-0.342816	-0.017210	-0.070843
-0.034181	-0.343105	-0.016210	-0.071185
-0.033181	-0.343394	-0.015210	-0.071542
-0.032181	-0.343682	-0.014210	-0.071929
-0.031181	-0.343971	-0.013210	-0.072365
-0.030181	-0.344259	-0.012210	-0.072874
-0.029181	-0.344547	-0.011210	-0.073168
-0.028181	-0.344834	-0.010210	-0.071944
-0.027181	-0.345122	-0.009210	-0.071946
-0.026181	-0.345410	-0.008210	-0.072463
