#omega_30	E_QP(omega)_30#	omega_31	E_QP(omega)_31#	omega_32	E_QP(omega)_32#	omega_33	E_QP(omega)_33#	omega_34	E_QP(omega)_34#	omega_35	E_QP(omega)_35#	omega_36	E_QP(omega)_36#	omega_37	E_QP(omega)_37#	omega_38	E_QP(omega)_38#	omega_39	E_QP(omega)_39#	omega_40	E_QP(omega)_40
-1.344978	-0.314887	-1.302588	-0.290088	-1.261136	-0.263422	-1.232987	-0.308398	-1.042688	+0.071563	-1.014028	+0.115090	-0.981949	+0.186947	-0.943327	+0.156543	-0.930258	+0.174956	-0.927832	+0.168420	-0.904036	+0.276833
-1.334978	-0.355088	-1.292588	-0.417324	-1.251136	-0.204347	-1.222987	-0.263228	-1.032688	+0.018636	-1.004028	+0.111607	-0.971949	+0.176021	-0.933327	+0.158129	-0.920258	+0.171984	-0.917832	+0.184938	-0.894036	+0.255823
-1.324978	-0.201284	-1.282588	-0.298306	-1.241136	-0.193233	-1.212987	-0.115582	-1.022688	+0.217401	-0.994028	+0.174812	-0.961949	+0.155438	-0.923327	+0.168070	-0.910258	+0.173851	-0.907832	+0.181684	-0.884036	+0.240562
-1.314978	-0.366256	-1.272588	-0.316202	-1.231136	-0.261201	-1.202987	-0.206540	-1.012688	+0.196577	-0.984028	+0.141310	-0.951949	+0.185394	-0.913327	+0.166628	-0.900258	+0.179339	-0.897832	+0.172388	-0.874036	+0.261452
-1.304978	-0.190264	-1.262588	-0.104154	-1.221136	-0.267132	-1.192987	-0.268494	-1.002688	+0.122200	-0.974028	+0.139045	-0.941949	+0.180719	-0.903327	+0.163355	-0.890258	+0.176550	-0.887832	+0.170554	-0.864036	+0.252986
-1.294978	-0.224674	-1.252588	-0.169074	-1.211136	-0.225986	-1.182987	-0.180809	-0.992688	+0.083334	-0.964028	+0.120695	-0.931949	+0.159991	-0.893327	+0.163525	-0.880258	+0.173399	-0.877832	+0.164003	-0.854036	+0.222840
-1.284978	-0.234702	-1.242588	-0.212972	-1.201136	-0.324183	-1.172987	-0.241183	-0.982688	+0.097537	-0.954028	+0.086388	-0.921949	+0.114851	-0.883327	+0.171718	-0.870258	+0.169992	-0.867832	+0.182625	-0.844036	+0.204711
-1.274978	-0.428749	-1.232588	-0.300731	-1.191136	-0.349251	-1.162987	-0.252946	-0.972688	+0.133076	-0.944028	+0.118918	-0.911949	+0.064023	-0.873327	+0.164636	-0.860258	+0.168062	-0.857832	+0.175686	-0.834036	+0.075300
-1.264978	-0.400476	-1.222588	-0.276552	-1.181136	-0.309064	-1.152987	-0.187178	-0.962688	+0.104900	-0.934028	+0.133099	-0.901949	+0.222960	-0.863327	+0.160939	-0.850258	+0.171048	-0.847832	+0.164632	-0.824036	+0.224580
-1.254978	-0.267554	-1.212588	-0.350726	-1.171136	-0.294418	-1.142987	-0.180678	-0.952688	+0.069354	-0.924028	+0.111048	-0.891949	+0.188298	-0.853327	+0.163474	-0.840258	+0.168011	-0.837832	+0.183239	-0.814036	+0.238533
-1.244978	-0.383580	-1.202588	-0.277512	-1.161136	-0.253239	-1.132987	-0.242483	-0.942688	+0.069820	-0.914028	+0.097626	-0.881949	+0.146650	-0.843327	+0.156219	-0.830258	+0.165330	-0.827832	+0.171908	-0.804036	+0.277083
-1.234978	-0.398941	-1.192588	-0.300889	-1.151136	-0.271240	-1.122987	-0.143348	-0.932688	+0.108046	-0.904028	+0.157936	-0.871949	+0.140733	-0.833327	+0.160847	-0.820258	+0.172627	-0.817832	+0.168427	-0.794036	+0.281064
-1.224978	-0.314677	-1.182588	-0.316649	-1.141136	-0.278985	-1.112987	-0.317183	-0.922688	+0.110587	-0.894028	+0.195499	-0.861949	+0.247357	-0.823327	+0.161871	-0.810258	+0.168824	-0.807832	+0.165564	-0.784036	+0.272741
-1.214978	-0.385363	-1.172588	-0.353651	-1.131136	-0.245703	-1.102987	-0.224018	-0.912688	+0.142418	-0.884028	+0.162657	-0.851949	+0.217021	-0.813327	+0.165400	-0.800258	+0.160063	-0.797832	+0.167128	-0.774036	+0.250727
-1.204978	-0.409025	-1.162588	-0.304026	-1.121136	-0.333746	-1.092987	-0.276320	-0.902688	+0.126679	-0.874028	+0.136529	-0.841949	+0.178044	-0.803327	+0.160139	-0.790258	+0.163327	-0.787832	+0.165595	-0.764036	+0.233280
-1.194978	-0.369517	-1.152588	-0.418648	-1.111136	-0.169555	-1.082987	-0.244171	-0.892688	+0.092432	-0.864028	+0.092838	-0.831949	+0.168035	-0.793327	+0.162824	-0.780258	+0.169066	-0.777832	+0.161345	-0.754036	+0.217717
-1.184978	-0.221842	-1.142588	-0.249677	-1.101136	-0.181968	-1.072987	-0.228732	-0.882688	+0.077703	-0.854028	+0.179698	-0.821949	+0.154637	-0.783327	+0.157657	-0.770258	+0.170294	-0.767832	+0.174970	-0.744036	+0.106268
-1.174978	-0.324035	-1.132588	-0.330526	-1.091136	-0.243232	-1.062987	-0.108727	-0.872688	+0.091262	-0.844028	+0.146665	-0.811949	+0.138397	-0.773327	+0.157119	-0.760258	+0.169430	-0.757832	+0.166499	-0.734036	+0.242328
-1.164978	-0.376438	-1.122588	-0.291077	-1.081136	-0.249620	-1.052987	-0.198175	-0.862688	+0.063678	-0.834028	+0.136639	-0.801949	+0.136552	-0.763327	+0.151303	-0.750258	+0.165779	-0.747832	+0.164572	-0.724036	+0.244997
-1.154978	-0.348302	-1.112588	-0.244079	-1.071136	-0.223008	-1.042987	-0.188080	-0.852688	+0.183835	-0.824028	+0.162073	-0.791949	+0.108064	-0.753327	+0.149312	-0.740258	+0.166852	-0.737832	+0.162881	-0.714036	+0.254284
-1.144978	-0.379825	-1.102588	-0.447103	-1.061136	-0.430039	-1.032987	-0.283013	-0.842688	+0.212410	-0.814028	+0.127477	-0.781949	+0.171646	-0.743327	+0.154767	-0.730258	+0.164176	-0.727832	+0.161247	-0.704036	+0.258796
-1.134978	-0.270814	-1.092588	-0.377681	-1.051136	-0.236879	-1.022987	-0.209710	-0.832688	+0.146707	-0.804028	+0.103668	-0.771949	+0.206387	-0.733327	+0.157265	-0.720258	+0.166371	-0.717832	+0.151441	-0.694036	+0.231188
-1.124978	-0.315323	-1.082588	-0.200778	-1.041136	-0.247456	-1.012987	-0.172850	-0.822688	+0.118457	-0.794028	+0.127551	-0.761949	+0.153484	-0.723327	+0.155032	-0.710258	+0.165997	-0.707832	+0.165261	-0.684036	+0.198728
-1.114978	-0.241159	-1.072588	-0.300849	-1.031136	-0.334737	-1.002987	-0.225293	-0.812688	+0.098179	-0.784028	+0.102814	-0.751949	+0.153007	-0.713327	+0.155012	-0.700258	+0.164055	-0.697832	+0.161493	-0.674036	+0.199292
-1.104978	-0.270430	-1.062588	-0.330325	-1.021136	-0.116326	-0.992987	-0.249619	-0.802688	+0.064492	-0.774028	+0.101531	-0.741949	+0.145387	-0.703327	+0.153136	-0.690258	+0.162706	-0.687832	+0.163694	-0.664036	+0.148761
-1.094978	-0.409413	-1.052588	-0.263432	-1.011136	-0.184223	-0.982987	-0.288935	-0.792688	+0.107649	-0.764028	+0.078729	-0.731949	+0.135864	-0.693327	+0.152224	-0.680258	+0.162837	-0.677832	+0.162867	-0.654036	+0.323152
-1.084978	-0.444566	-1.042588	-0.593238	-1.001136	-0.330182	-0.972987	-0.276743	-0.782688	+0.077989	-0.754028	+0.049374	-0.721949	+0.117147	-0.683327	+0.149996	-0.670258	+0.162008	-0.667832	+0.161188	-0.644036	+0.183799
-1.074978	-0.329054	-1.032588	-0.376043	-0.991136	-0.298313	-0.962987	-0.243009	-0.772688	+0.037087	-0.744028	+0.340061	-0.711949	+0.149405	-0.673327	+0.149410	-0.660258	+0.161972	-0.657832	+0.160197	-0.634036	+0.071068
-1.064978	-0.363603	-1.022588	-0.298004	-0.981136	-0.279596	-0.952987	-0.248723	-0.762688	+0.064753	-0.734028	+0.149696	-0.701949	+0.135769	-0.663327	+0.155421	-0.650258	+0.161563	-0.647832	+0.158796	-0.624036	+0.442061
-1.054978	-0.274902	-1.012588	-0.230397	-0.971136	-0.299636	-0.942987	-0.244191	-0.752688	-0.028175	-0.724028	+0.099873	-0.691949	+0.100354	-0.653327	+0.154075	-0.640258	+0.161125	-0.637832	+0.161242	-0.614036	+0.324412
-1.044978	-0.388141	-1.002588	-0.435615	-0.961136	-0.344124	-0.932987	-0.285753	-0.742688	+0.574094	-0.714028	+0.047738	-0.681949	+0.110159	-0.643327	+0.151729	-0.630258	+0.160046	-0.627832	+0.159762	-0.604036	+0.303770
-1.034978	-0.290922	-0.992588	-0.243369	-0.951136	-0.209954	-0.922987	-0.188084	-0.732688	+0.166223	-0.704028	-0.018137	-0.671949	-0.010141	-0.633327	+0.151016	-0.620258	+0.160167	-0.617832	+0.158891	-0.594036	+0.276908
-1.024978	-0.304487	-0.982588	-0.254762	-0.941136	-0.297786	-0.912987	-0.213250	-0.722688	+0.117521	-0.694028	+0.242422	-0.661949	+0.192077	-0.623327	+0.150169	-0.610258	+0.160055	-0.607832	+0.158248	-0.584036	+0.279796
-1.014978	-0.212295	-0.972588	-0.172434	-0.931136	-0.103149	-0.902987	-0.125602	-0.712688	+0.114894	-0.684028	+0.165084	-0.651949	+0.310592	-0.613327	+0.148904	-0.600258	+0.158842	-0.597832	+0.157653	-0.574036	+0.252704
-1.004978	-0.248270	-0.962588	-0.235855	-0.921136	-0.188436	-0.892987	-0.176936	-0.702688	+0.103376	-0.674028	+0.125601	-0.641949	+0.218011	-0.603327	+0.149426	-0.590258	+0.159499	-0.587832	+0.157237	-0.564036	+0.291677
-0.994978	-0.614006	-0.952588	-0.580691	-0.911136	-0.562001	-0.882987	-0.545365	-0.692688	+0.124095	-0.664028	+0.147522	-0.631949	+0.194204	-0.593327	+0.148567	-0.580258	+0.158463	-0.577832	+0.156749	-0.554036	+0.275906
-0.984978	-0.250970	-0.942588	-0.138664	-0.901136	-0.127224	-0.872987	-0.160474	-0.682688	+0.097940	-0.654028	+0.123517	-0.621949	+0.182774	-0.583327	+0.147588	-0.570258	+0.157731	-0.567832	+0.156215	-0.544036	+0.263456
-0.974978	-0.360974	-0.932588	-0.276916	-0.891136	-0.219051	-0.862987	-0.164127	-0.672688	+0.076798	-0.644028	+0.107051	-0.611949	+0.165789	-0.573327	+0.147586	-0.560258	+0.157560	-0.557832	+0.155889	-0.534036	+0.257764
-0.964978	-0.305723	-0.922588	-0.298750	-0.881136	-0.282546	-0.852987	-0.237478	-0.662688	+0.070713	-0.634028	+0.068963	-0.601949	+0.151059	-0.563327	+0.146997	-0.550258	+0.157030	-0.547832	+0.155273	-0.524036	+0.255052
-0.954978	-0.288696	-0.912588	-0.321569	-0.871136	-0.214691	-0.842987	-0.179278	-0.652688	+0.067868	-0.624028	+0.174555	-0.591949	+0.144171	-0.553327	+0.146451	-0.540258	+0.156307	-0.537832	+0.155822	-0.514036	+0.251785
-0.944978	-0.281685	-0.902588	-0.197734	-0.861136	-0.236385	-0.832987	-0.252833	-0.642688	+0.054365	-0.614028	+0.109677	-0.581949	+0.189982	-0.543327	+0.145930	-0.530258	+0.156426	-0.527832	+0.154920	-0.504036	+0.248841
-0.934978	-0.327305	-0.892588	-0.279610	-0.851136	-0.278855	-0.822987	-0.269010	-0.632688	+0.009694	-0.604028	+0.122436	-0.571949	+0.128716	-0.533327	+0.145372	-0.520258	+0.155909	-0.517832	+0.154451	-0.494036	+0.246302
-0.924978	-0.341811	-0.882588	-0.318390	-0.841136	-0.370939	-0.812987	-0.304296	-0.622688	-0.028834	-0.594028	+0.107807	-0.561949	+0.123156	-0.523327	+0.145788	-0.510258	+0.155473	-0.507832	+0.154031	-0.484036	+0.244015
-0.914978	-0.350006	-0.872588	-0.286143	-0.831136	-0.313527	-0.802987	-0.149141	-0.612688	+0.417979	-0.584028	+0.089011	-0.551949	+0.050481	-0.513327	+0.144744	-0.500258	+0.155058	-0.497832	+0.153629	-0.474036	+0.241913
-0.904978	-0.329088	-0.862588	-0.364147	-0.821136	-0.358600	-0.792987	-0.193937	-0.602688	+0.015674	-0.574028	+0.064089	-0.541949	+0.389751	-0.503327	+0.144236	-0.490258	+0.154653	-0.487832	+0.153238	-0.464036	+0.239956
-0.894978	-0.261439	-0.852588	-0.168741	-0.811136	-0.778243	-0.782987	-0.122741	-0.592688	+0.352065	-0.564028	+0.006074	-0.531949	+0.182229	-0.493327	+0.143774	-0.480258	+0.154253	-0.477832	+0.152852	-0.454036	+0.238114
-0.884978	-0.367298	-0.842588	-0.345090	-0.801136	-0.155131	-0.772987	-0.229996	-0.582688	+0.150606	-0.554028	+0.382066	-0.521949	+0.306904	-0.483327	+0.143328	-0.470258	+0.153858	-0.467832	+0.152471	-0.444036	+0.236368
-0.874978	-0.386673	-0.832588	-0.288075	-0.791136	-0.166726	-0.762987	-0.228811	-0.572688	+0.101662	-0.544028	+0.172027	-0.511949	+0.193950	-0.473327	+0.142891	-0.460258	+0.153467	-0.457832	+0.152093	-0.434036	+0.234701
-0.864978	-0.422690	-0.822588	-0.291754	-0.781136	-0.145633	-0.752987	-0.240762	-0.562688	+0.058070	-0.534028	+0.098947	-0.501949	+0.176033	-0.463327	+0.142459	-0.450258	+0.153078	-0.447832	+0.151719	-0.424036	+0.233102
-0.854978	-0.082151	-0.812588	-0.337499	-0.771136	-0.197402	-0.742987	-0.253948	-0.552688	-0.052719	-0.524028	-0.026760	-0.491949	+0.165107	-0.453327	+0.142031	-0.440258	+0.152690	-0.437832	+0.151346	-0.414036	+0.231560
-0.844978	-0.328525	-0.802588	-0.388699	-0.761136	-0.378398	-0.732987	-0.317583	-0.542688	+0.383438	-0.514028	+0.377899	-0.481949	+0.162944	-0.443327	+0.141607	-0.430258	+0.152304	-0.427832	+0.150975	-0.404036	+0.230068
-0.834978	-0.410909	-0.792588	-0.375488	-0.751136	-0.199443	-0.722987	-0.072072	-0.532688	+0.169987	-0.504028	+0.203746	-0.471949	+0.157819	-0.433327	+0.141185	-0.420258	+0.151920	-0.417832	+0.150605	-0.394036	+0.228618
-0.824978	-0.110620	-0.782588	-0.485380	-0.741136	-0.242602	-0.712987	-0.538676	-0.522688	+0.158954	-0.494028	+0.167598	-0.461949	+0.154016	-0.423327	+0.140765	-0.410258	+0.151535	-0.407832	+0.150236	-0.384036	+0.227205
-0.814978	-0.249550	-0.772588	-0.056581	-0.731136	-0.200471	-0.702987	-0.101919	-0.512688	+0.127185	-0.484028	+0.147781	-0.451949	+0.150861	-0.413327	+0.140347	-0.400258	+0.151151	-0.397832	+0.149867	-0.374036	+0.225825
-0.804978	-0.351385	-0.762588	-0.355306	-0.721136	-0.225538	-0.692987	-0.228593	-0.502688	+0.112395	-0.474028	+0.141956	-0.441949	+0.148125	-0.403327	+0.139929	-0.390258	+0.150768	-0.387832	+0.149499	-0.364036	+0.224473
-0.794978	-0.294393	-0.752588	-0.431910	-0.711136	-0.188806	-0.682987	-0.197338	-0.492688	+0.100428	-0.464028	+0.132722	-0.431949	+0.145689	-0.393327	+0.139513	-0.380258	+0.150383	-0.377832	+0.149130	-0.354036	+0.223145
-0.784978	-0.365707	-0.742588	-0.114657	-0.701136	-0.225930	-0.672987	-0.257044	-0.482688	+0.094986	-0.454028	+0.130836	-0.421949	+0.143476	-0.383327	+0.139096	-0.370258	+0.149999	-0.367832	+0.148761	-0.344036	+0.221838
-0.774978	-0.365603	-0.732588	-0.271218	-0.691136	-0.263573	-0.662987	-0.292635	-0.472688	+0.080180	-0.444028	+0.124524	-0.411949	+0.141436	-0.373327	+0.138680	-0.360258	+0.149613	-0.357832	+0.148392	-0.334036	+0.220549
-0.764978	-0.398900	-0.722588	-0.357329	-0.681136	-0.269382	-0.652987	-0.238182	-0.462688	+0.051603	-0.434028	+0.120233	-0.401949	+0.139533	-0.363327	+0.138263	-0.350258	+0.149227	-0.347832	+0.148022	-0.324036	+0.219276
-0.754978	-0.329675	-0.712588	-0.497494	-0.671136	-0.302226	-0.642987	-0.455689	-0.452688	+0.303708	-0.424028	+0.116645	-0.391949	+0.137742	-0.353327	+0.137846	-0.340258	+0.148839	-0.337832	+0.147651	-0.314036	+0.218017
-0.744978	-0.607000	-0.702588	-0.377939	-0.661136	-0.329156	-0.632987	-0.223253	-0.442688	+0.128414	-0.414028	+0.113505	-0.381949	+0.136044	-0.343327	+0.137428	-0.330258	+0.148450	-0.327832	+0.147278	-0.304036	+0.216769
-0.734978	-0.230171	-0.692588	-0.100983	-0.651136	-0.384060	-0.622987	-0.203079	-0.432688	+0.107201	-0.404028	+0.110690	-0.371949	+0.134422	-0.333327	+0.137008	-0.320258	+0.148059	-0.317832	+0.146904	-0.294036	+0.215531
-0.724978	-0.320386	-0.682588	-0.236653	-0.641136	-0.533156	-0.612987	-0.257527	-0.422688	+0.097941	-0.394028	+0.108123	-0.361949	+0.132865	-0.323327	+0.136588	-0.310258	+0.147666	-0.307832	+0.146529	-0.284036	+0.214300
-0.714978	-0.350539	-0.672588	-0.202613	-0.631136	+0.688106	-0.602987	-0.301019	-0.412688	+0.092059	-0.384028	+0.105752	-0.351949	+0.131364	-0.313327	+0.136166	-0.300258	+0.147271	-0.297832	+0.146151	-0.274036	+0.213076
-0.704978	-0.371913	-0.662588	-0.355324	-0.621136	-0.035563	-0.592987	-0.495779	-0.402688	+0.087658	-0.374028	+0.103540	-0.341949	+0.129910	-0.303327	+0.135742	-0.290258	+0.146874	-0.287832	+0.145772	-0.264036	+0.211856
-0.694978	-0.408305	-0.652588	-0.232201	-0.611136	-0.146977	-0.582987	+0.068235	-0.392688	+0.084066	-0.364028	+0.101460	-0.331949	+0.128497	-0.293327	+0.135316	-0.280258	+0.146474	-0.277832	+0.145390	-0.254036	+0.210638
-0.684978	-0.514966	-0.642588	-0.296251	-0.601136	-0.191260	-0.572987	-0.158209	-0.382688	+0.080978	-0.354028	+0.099489	-0.321949	+0.127119	-0.283327	+0.134887	-0.270258	+0.146071	-0.267832	+0.145006	-0.244036	+0.209423
-0.674978	-0.487265	-0.632588	-0.151992	-0.591136	-0.215429	-0.562987	-0.145266	-0.372688	+0.078236	-0.344028	+0.097610	-0.311949	+0.125772	-0.273327	+0.134456	-0.260258	+0.145665	-0.257832	+0.144619	-0.234036	+0.208207
-0.664978	+0.333153	-0.622588	-0.260686	-0.581136	-0.234091	-0.552987	-0.186422	-0.362688	+0.075744	-0.334028	+0.095811	-0.301949	+0.124452	-0.263327	+0.134023	-0.250258	+0.145256	-0.247832	+0.144228	-0.224036	+0.206991
-0.654978	-0.242858	-0.612588	-0.287355	-0.571136	-0.282198	-0.542987	-0.211573	-0.352688	+0.073443	-0.324028	+0.094080	-0.291949	+0.123154	-0.253327	+0.133586	-0.240258	+0.144843	-0.237832	+0.143835	-0.214036	+0.205772
-0.644978	-0.290460	-0.602588	-0.291876	-0.561136	-0.229806	-0.532987	-0.212349	-0.342688	+0.071291	-0.314028	+0.092408	-0.281949	+0.121877	-0.243327	+0.133146	-0.230258	+0.144426	-0.227832	+0.143439	-0.204036	+0.204549
-0.634978	-0.319646	-0.592588	-0.308297	-0.551136	-0.241233	-0.522987	-0.221165	-0.332688	+0.069260	-0.304028	+0.090787	-0.271949	+0.120617	-0.233327	+0.132702	-0.220258	+0.144006	-0.217832	+0.143038	-0.194036	+0.203321
-0.624978	-0.334026	-0.582588	-0.320781	-0.541136	-0.249544	-0.512987	-0.227647	-0.322688	+0.067328	-0.294028	+0.089211	-0.261949	+0.119372	-0.223327	+0.132254	-0.210258	+0.143581	-0.207832	+0.142634	-0.184036	+0.202087
-0.614978	-0.346968	-0.572588	-0.332054	-0.531136	-0.257882	-0.502987	-0.233807	-0.312688	+0.065479	-0.284028	+0.087675	-0.251949	+0.118139	-0.213327	+0.131803	-0.200258	+0.143151	-0.197832	+0.142226	-0.174036	+0.200846
-0.604978	-0.354150	-0.562588	-0.344295	-0.521136	-0.253838	-0.492987	-0.238825	-0.302688	+0.063700	-0.274028	+0.086173	-0.241949	+0.116917	-0.203327	+0.131347	-0.190258	+0.142717	-0.187832	+0.141813	-0.164036	+0.199595
-0.594978	-0.360266	-0.552588	-0.355298	-0.511136	-0.264245	-0.482987	-0.243184	-0.292688	+0.061981	-0.264028	+0.084701	-0.231949	+0.115704	-0.193327	+0.130886	-0.180258	+0.142277	-0.177832	+0.141396	-0.154036	+0.198334
-0.584978	-0.366422	-0.542588	-0.379599	-0.501136	-0.269110	-0.472987	-0.247068	-0.282688	+0.060314	-0.254028	+0.083256	-0.221949	+0.114497	-0.183327	+0.130420	-0.170258	+0.141832	-0.167832	+0.140974	-0.144036	+0.197062
-0.574978	-0.371489	-0.532588	-0.425757	-0.491136	-0.273582	-0.462987	-0.250587	-0.272688	+0.058691	-0.244028	+0.081835	-0.211949	+0.113296	-0.173327	+0.129949	-0.160258	+0.141382	-0.157832	+0.140546	-0.134036	+0.195777
-0.564978	-0.375816	-0.522588	-0.646702	-0.481136	-0.276310	-0.452987	-0.253818	-0.262688	+0.057107	-0.234028	+0.080435	-0.201949	+0.112099	-0.163327	+0.129472	-0.150258	+0.140925	-0.147832	+0.140113	-0.124036	+0.194477
-0.554978	-0.379850	-0.512588	-0.069098	-0.471136	-0.279641	-0.442987	-0.256814	-0.252688	+0.055556	-0.224028	+0.079053	-0.191949	+0.110904	-0.153327	+0.128990	-0.140258	+0.140462	-0.137832	+0.139675	-0.114036	+0.193161
-0.544978	-0.383471	-0.502588	-0.237552	-0.461136	-0.282664	-0.432987	-0.259615	-0.242688	+0.054035	-0.214028	+0.077686	-0.181949	+0.109711	-0.143327	+0.128501	-0.130258	+0.139991	-0.127832	+0.139230	-0.104036	+0.191827
-0.534978	-0.386796	-0.492588	-0.278593	-0.451136	-0.285479	-0.422987	-0.262252	-0.232688	+0.052539	-0.204028	+0.076333	-0.171949	+0.108516	-0.133327	+0.128006	-0.120258	+0.139514	-0.117832	+0.138779	-0.094036	+0.190473
-0.524978	-0.389896	-0.482588	-0.305143	-0.441136	-0.288127	-0.412987	-0.264749	-0.222688	+0.051066	-0.194028	+0.074992	-0.161949	+0.107321	-0.123327	+0.127503	-0.110258	+0.139029	-0.107832	+0.138321	-0.084036	+0.189099
-0.514978	-0.392746	-0.472588	-0.305880	-0.431136	-0.290636	-0.402987	-0.267125	-0.212688	+0.049612	-0.184028	+0.073661	-0.151949	+0.106122	-0.113327	+0.126993	-0.100258	+0.138536	-0.097832	+0.137856	-0.074036	+0.187700
-0.504978	-0.395459	-0.462588	-0.315369	-0.421136	-0.293027	-0.392987	-0.269396	-0.202688	+0.048174	-0.174028	+0.072337	-0.141949	+0.104919	-0.103327	+0.126475	-0.090258	+0.138035	-0.087832	+0.137383	-0.064036	+0.186276
-0.494978	-0.398023	-0.452588	-0.321966	-0.411136	-0.295313	-0.382987	-0.271576	-0.192688	+0.046750	-0.164028	+0.071021	-0.131949	+0.103710	-0.093327	+0.125949	-0.080258	+0.137524	-0.077832	+0.136902	-0.054036	+0.184823
-0.484978	-0.400459	-0.442588	-0.327470	-0.401136	-0.297509	-0.372987	-0.273674	-0.182688	+0.045339	-0.154028	+0.069709	-0.121949	+0.102495	-0.083327	+0.125414	-0.070258	+0.137004	-0.067832	+0.136413	-0.044036	+0.183340
-0.474978	-0.402783	-0.432588	-0.332076	-0.391136	-0.299625	-0.362987	-0.275701	-0.172688	+0.043937	-0.144028	+0.068401	-0.111949	+0.101271	-0.073327	+0.124870	-0.060258	+0.136474	-0.057832	+0.135915	-0.034036	+0.181823
-0.464978	-0.405008	-0.422588	-0.336081	-0.381136	-0.301669	-0.352987	-0.277663	-0.162688	+0.042543	-0.134028	+0.067094	-0.101949	+0.100038	-0.063327	+0.124316	-0.050258	+0.135934	-0.047832	+0.135407	-0.024036	+0.180268
-0.454978	-0.407143	-0.412588	-0.339650	-0.371136	-0.303650	-0.342987	-0.279569	-0.152688	+0.041155	-0.124028	+0.065789	-0.091949	+0.098794	-0.053327	+0.123751	-0.040258	+0.135381	-0.037832	+0.134890	-0.014036	+0.178673
-0.444978	-0.409199	-0.402588	-0.342886	-0.361136	-0.305573	-0.332987	-0.281423	-0.142688	+0.039771	-0.114028	+0.064483	-0.081949	+0.097538	-0.043327	+0.123175	-0.030258	+0.134817	-0.027832	+0.134362	-0.004036	+0.177032
-0.434978	-0.411183	-0.392588	-0.345862	-0.351136	-0.307445	-0.322987	-0.283231	-0.132688	+0.038389	-0.104028	+0.063176	-0.071949	+0.096267	-0.033327	+0.122588	-0.020258	+0.134240	-0.017832	+0.133822	+0.005964	+0.175342
-0.424978	-0.413101	-0.382588	-0.348628	-0.341136	-0.309270	-0.312987	-0.284997	-0.122688	+0.037009	-0.094028	+0.061865	-0.061949	+0.094981	-0.023327	+0.121988	-0.010258	+0.133650	-0.007832	+0.133271	+0.015964	+0.173596
-0.414978	-0.414960	-0.372588	-0.351221	-0.331136	-0.311052	-0.302987	-0.286726	-0.112688	+0.035628	-0.084028	+0.060551	-0.051949	+0.093678	-0.013327	+0.121374	-0.000258	+0.133044	+0.002168	+0.132707	+0.025964	+0.171788
-0.404978	-0.416763	-0.362588	-0.353671	-0.321136	-0.312796	-0.292987	-0.288422	-0.102688	+0.034245	-0.074028	+0.059230	-0.041949	+0.092356	-0.003327	+0.120746	+0.009742	+0.132424	+0.012168	+0.132130	+0.035964	+0.169911
-0.394978	-0.418516	-0.352588	-0.355997	-0.311136	-0.314505	-0.282987	-0.290087	-0.092688	+0.032858	-0.064028	+0.057903	-0.031949	+0.091012	+0.006673	+0.120104	+0.019742	+0.131786	+0.022168	+0.131538	+0.045964	+0.167956
-0.384978	-0.420222	-0.342588	-0.358219	-0.301136	-0.316183	-0.272987	-0.291724	-0.082688	+0.031466	-0.054028	+0.056568	-0.021949	+0.089645	+0.016673	+0.119445	+0.029742	+0.131131	+0.032168	+0.130931	+0.055964	+0.165913
-0.374978	-0.421885	-0.332588	-0.360350	-0.291136	-0.317832	-0.262987	-0.293337	-0.072688	+0.030067	-0.044028	+0.055224	-0.011949	+0.088251	+0.026673	+0.118768	+0.039742	+0.130457	+0.042168	+0.130308	+0.065964	+0.163768
-0.364978	-0.423508	-0.322588	-0.362402	-0.281136	-0.319454	-0.252987	-0.294928	-0.062688	+0.028660	-0.034028	+0.053868	-0.001949	+0.086829	+0.036673	+0.118073	+0.049742	+0.129762	+0.052168	+0.129667	+0.075964	+0.161506
-0.354978	-0.425093	-0.312588	-0.364384	-0.271136	-0.321054	-0.242987	-0.296500	-0.052688	+0.027243	-0.024028	+0.052501	+0.008051	+0.085376	+0.046673	+0.117358	+0.059742	+0.129044	+0.062168	+0.129007	+0.085964	+0.159107
-0.344978	-0.426644	-0.302588	-0.366304	-0.261136	-0.322631	-0.232987	-0.298053	-0.042688	+0.025815	-0.014028	+0.051120	+0.018051	+0.083887	+0.056673	+0.116622	+0.069742	+0.128303	+0.072168	+0.128327	+0.095964	+0.156545
-0.334978	-0.428162	-0.292588	-0.368168	-0.251136	-0.324190	-0.222987	-0.299592	-0.032688	+0.024373	-0.004028	+0.049725	+0.028051	+0.082359	+0.066673	+0.115862	+0.079742	+0.127535	+0.082168	+0.127624	+0.105964	+0.153783
-0.324978	-0.429650	-0.282588	-0.369984	-0.241136	-0.325731	-0.212987	-0.301117	-0.022688	+0.022916	+0.005972	+0.048312	+0.038051	+0.080787	+0.076673	+0.115077	+0.089742	+0.126739	+0.092168	+0.126898	+0.115964	+0.150773
-0.314978	-0.431109	-0.272588	-0.371755	-0.231136	-0.327257	-0.202987	-0.302630	-0.012688	+0.021443	+0.015972	+0.046882	+0.048051	+0.079166	+0.086673	+0.114265	+0.099742	+0.125912	+0.102168	+0.126146	+0.125964	+0.147440
-0.304978	-0.432541	-0.262588	-0.373487	-0.221136	-0.328769	-0.192987	-0.304134	-0.002688	+0.019950	+0.025972	+0.045431	+0.058051	+0.077490	+0.096673	+0.113422	+0.109742	+0.125050	+0.112168	+0.125365	+0.135964	+0.143658
-0.294978	-0.433948	-0.252588	-0.375183	-0.211136	-0.330269	-0.182987	-0.305630	+0.007312	+0.018436	+0.035972	+0.043958	+0.068051	+0.075751	+0.106673	+0.112547	+0.119742	+0.124151	+0.122168	+0.124553	+0.145964	+0.139183
-0.284978	-0.435331	-0.242588	-0.376847	-0.201136	-0.331759	-0.172987	-0.307120	+0.017312	+0.016899	+0.045972	+0.042461	+0.078051	+0.073941	+0.116673	+0.111636	+0.129742	+0.123209	+0.132168	+0.123706	+0.155964	+0.133413
-0.274978	-0.436692	-0.232588	-0.378482	-0.191136	-0.333241	-0.162987	-0.308605	+0.027312	+0.015336	+0.055972	+0.040938	+0.088051	+0.072048	+0.126673	+0.110685	+0.139742	+0.122221	+0.142168	+0.122821	+0.165964	+0.123976
-0.264978	-0.438032	-0.222588	-0.380091	-0.181136	-0.334715	-0.152987	-0.310087	+0.037312	+0.013744	+0.065972	+0.039387	+0.098051	+0.070058	+0.136673	+0.109690	+0.149742	+0.121181	+0.152168	+0.121893	+0.175964	+0.075340
-0.254978	-0.439351	-0.212588	-0.381677	-0.171136	-0.336184	-0.142987	-0.311568	+0.047312	+0.012121	+0.075972	+0.037803	+0.108051	+0.067954	+0.146673	+0.108645	+0.159742	+0.120081	+0.162168	+0.120915	+0.185964	+0.141337
-0.244978	-0.440652	-0.202588	-0.383241	-0.161136	-0.337648	-0.132987	-0.313050	+0.057312	+0.010463	+0.085972	+0.036186	+0.118051	+0.065714	+0.156673	+0.107544	+0.169742	+0.118914	+0.172168	+0.119881	+0.195964	+0.125151
-0.234978	-0.441935	-0.192588	-0.384787	-0.151136	-0.339110	-0.122987	-0.314534	+0.067312	+0.008765	+0.095972	+0.034530	+0.128051	+0.063308	+0.166673	+0.106381	+0.179742	+0.117670	+0.182168	+0.118782	+0.205964	+0.113676
-0.224978	-0.443201	-0.182588	-0.386316	-0.141136	-0.340571	-0.112987	-0.316022	+0.077312	+0.007025	+0.105972	+0.032833	+0.138051	+0.060695	+0.176673	+0.105144	+0.189742	+0.116337	+0.192168	+0.117605	+0.215964	+0.100808
-0.214978	-0.444451	-0.172588	-0.387830	-0.131136	-0.342032	-0.102987	-0.317516	+0.087312	+0.005237	+0.115972	+0.031091	+0.148051	+0.057817	+0.186673	+0.103823	+0.199742	+0.114899	+0.202168	+0.116334	+0.225964	+0.082931
-0.204978	-0.445686	-0.162588	-0.389332	-0.121136	-0.343495	-0.092987	-0.319018	+0.097312	+0.003395	+0.125972	+0.029297	+0.158051	+0.054590	+0.196673	+0.102403	+0.209742	+0.113336	+0.212168	+0.114944	+0.235964	+0.052281
-0.194978	-0.446907	-0.152588	-0.390822	-0.111136	-0.344962	-0.082987	-0.320530	+0.107312	+0.001494	+0.135972	+0.027448	+0.168051	+0.050878	+0.206673	+0.100865	+0.219742	+0.111622	+0.222168	+0.113397	+0.245964	-0.045978
-0.184978	-0.448115	-0.142588	-0.392303	-0.101136	-0.346434	-0.072987	-0.322053	+0.117312	-0.000475	+0.145972	+0.025536	+0.178051	+0.046396	+0.216673	+0.099183	+0.229742	+0.109725	+0.232168	+0.111628	+0.255964	+0.092678
-0.174978	-0.449310	-0.132588	-0.393776	-0.091136	-0.347912	-0.062987	-0.323591	+0.127312	-0.002520	+0.155972	+0.023554	+0.188051	+0.041282	+0.226673	+0.097321	+0.239742	+0.107596	+0.242168	+0.109482	+0.265964	-0.216956
-0.164978	-0.450492	-0.122588	-0.395243	-0.081136	-0.349399	-0.052987	-0.325146	+0.137312	-0.004653	+0.165972	+0.021492	+0.198051	+0.033841	+0.236673	+0.095225	+0.249742	+0.105169	+0.252168	+0.107031	+0.275964	+0.548738
-0.154978	-0.451664	-0.112588	-0.396705	-0.071136	-0.350896	-0.042987	-0.326720	+0.147312	-0.006885	+0.175972	+0.019339	+0.208051	+0.028097	+0.246673	+0.092806	+0.259742	+0.102343	+0.262168	+0.102626	+0.285964	+0.265548
-0.144978	-0.452825	-0.102588	-0.398164	-0.061136	-0.352406	-0.032987	-0.328316	+0.157312	-0.009233	+0.185972	+0.017079	+0.218051	+0.009000	+0.256673	+0.089882	+0.269742	+0.098923	+0.272168	+0.089078	+0.295964	+0.192670
-0.134978	-0.453975	-0.092588	-0.399623	-0.051136	-0.353930	-0.022987	-0.329938	+0.167312	-0.011718	+0.195972	+0.014689	+0.228051	-0.027369	+0.266673	+0.086931	+0.279742	+0.095322	+0.282168	+0.122625	+0.305964	+0.136480
-0.124978	-0.455116	-0.082588	-0.401081	-0.041136	-0.355471	-0.012987	-0.331590	+0.177312	-0.014364	+0.205972	+0.012123	+0.238051	-0.205845	+0.276673	+0.081205	+0.289742	+0.089778	+0.292168	+0.106999	+0.315964	-0.016680
-0.114978	-0.456248	-0.072588	-0.402541	-0.031136	-0.357032	-0.002987	-0.333276	+0.187312	-0.017206	+0.215972	+0.009612	+0.248051	+0.259338	+0.286673	+0.068174	+0.299742	+0.082450	+0.302168	+0.100747	+0.325964	+0.248188
-0.104978	-0.457372	-0.062588	-0.404005	-0.021136	-0.358614	+0.007013	-0.335001	+0.197312	-0.020290	+0.225972	+0.006409	+0.258051	+0.124721	+0.296673	+0.101349	+0.309742	+0.071521	+0.312168	+0.091500	+0.335964	+0.260519
-0.094978	-0.458488	-0.052588	-0.405474	-0.011136	-0.360222	+0.017013	-0.336770	+0.207312	-0.023678	+0.235972	+0.001560	+0.268051	+0.091709	+0.306673	+0.079539	+0.319742	+0.050755	+0.322168	+0.112320	+0.345964	+0.203599
-0.084978	-0.459597	-0.042588	-0.406951	-0.001136	-0.361858	+0.027013	-0.338591	+0.217312	-0.027466	+0.245972	+0.001431	+0.278051	+0.073574	+0.316673	+0.068526	+0.329742	+0.015431	+0.332168	+0.100308	+0.355964	+0.194904
-0.074978	-0.460699	-0.032588	-0.408436	+0.008864	-0.363526	+0.037013	-0.340472	+0.227312	-0.031803	+0.255972	-0.002999	+0.288051	+0.065173	+0.326673	+0.054053	+0.339742	-0.343410	+0.342168	+0.081045	+0.365964	+0.176306
-0.064978	-0.461794	-0.022588	-0.409933	+0.018864	-0.365231	+0.047013	-0.342422	+0.237312	-0.037035	+0.265972	-0.008241	+0.298051	+0.055591	+0.336673	+0.031148	+0.349742	+0.237572	+0.352168	+0.142944	+0.375964	+0.156442
-0.054978	-0.462884	-0.012588	-0.411442	+0.028864	-0.366978	+0.057013	-0.344455	+0.247312	-0.042558	+0.275972	-0.012637	+0.308051	+0.047608	+0.346673	-0.050496	+0.359742	+0.152090	+0.362168	+0.094036	+0.385964	+0.153480
-0.044978	-0.463968	-0.002588	-0.412968	+0.038864	-0.368772	+0.067013	-0.346587	+0.257312	-0.050082	+0.285972	-0.019814	+0.318051	+0.040650	+0.356673	+0.562676	+0.369742	+0.116117	+0.372168	+0.073567	+0.395964	+0.131203
-0.034978	-0.465048	+0.007412	-0.414512	+0.048864	-0.370621	+0.077013	-0.348839	+0.267312	-0.060780	+0.295972	+0.007886	+0.328051	+0.058601	+0.366673	+0.252482	+0.379742	+0.076364	+0.382168	+0.078672	+0.405964	+0.117887
-0.024978	-0.466123	+0.017412	-0.416077	+0.058864	-0.372531	+0.087013	-0.351240	+0.277312	-0.078515	+0.305972	-0.028676	+0.338051	+0.021153	+0.376673	+0.148572	+0.389742	+0.209036	+0.392168	+0.209792	+0.415964	+0.208091
-0.014978	-0.467194	+0.027412	-0.417666	+0.068864	-0.374513	+0.097013	-0.353829	+0.287312	-0.110736	+0.315972	-0.024859	+0.348051	+0.032131	+0.386673	+0.121337	+0.399742	+0.231250	+0.402168	+0.105735	+0.425964	+0.046716
-0.004978	-0.468261	+0.037412	-0.419283	+0.078864	-0.376578	+0.107013	-0.356668	+0.297312	-0.239755	+0.325972	-0.038170	+0.358051	+0.020619	+0.396673	+0.103609	+0.409742	+0.144190	+0.412168	+0.045649	+0.435964	+0.143363
+0.005022	-0.469326	+0.047412	-0.420933	+0.088864	-0.378740	+0.117013	-0.359849	+0.307312	+0.223388	+0.335972	-0.054002	+0.368051	+0.006927	+0.406673	+0.071570	+0.419742	+0.125097	+0.422168	+0.259646	+0.445964	+0.079753
+0.015022	-0.470387	+0.057412	-0.422619	+0.098864	-0.381017	+0.127013	-0.363532	+0.317312	+0.105784	+0.345972	-0.082692	+0.378051	-0.009372	+0.416673	+0.095942	+0.429742	+0.129091	+0.432168	+0.110337	+0.455964	+0.527447
+0.025022	-0.471447	+0.067412	-0.424347	+0.108864	-0.383431	+0.137013	-0.368020	+0.327312	+0.011750	+0.355972	+0.001188	+0.388051	-0.076520	+0.426673	+0.054905	+0.439742	+0.110499	+0.442168	+0.123084	+0.465964	+0.187741
+0.035022	-0.472505	+0.077412	-0.426124	+0.118864	-0.386012	+0.147013	-0.373983	+0.337312	-0.016435	+0.365972	-0.130202	+0.398051	-0.026598	+0.436673	+0.312221	+0.449742	+0.093209	+0.452168	+0.082847	+0.475964	+0.167029
+0.045022	-0.473561	+0.087412	-0.427958	+0.128864	-0.388798	+0.157013	-0.383317	+0.347312	-0.046109	+0.375972	-0.383962	+0.408051	+0.040293	+0.446673	+0.135535	+0.459742	+0.064644	+0.462168	-0.070045	+0.485964	+0.143711
+0.055022	-0.474617	+0.097412	-0.429857	+0.138864	-0.391845	+0.167013	-0.404595	+0.357312	-0.003170	+0.385972	+0.393898	+0.418051	+0.297461	+0.456673	+0.107597	+0.469742	+0.240730	+0.472168	+0.209634	+0.495964	+0.180212
+0.065022	-0.475673	+0.107412	-0.431833	+0.148864	-0.395233	+0.177013	-0.579940	+0.367312	-0.050696	+0.395972	+0.121805	+0.428051	+0.081134	+0.466673	+0.075459	+0.479742	+0.121526	+0.482168	+0.182650	+0.505964	+0.138294
+0.075022	-0.476728	+0.117412	-0.433901	+0.158864	-0.399097	+0.187013	-0.327861	+0.377312	-0.105847	+0.405972	+0.054182	+0.438051	+0.053005	+0.476673	+0.087363	+0.489742	+0.108025	+0.492168	+0.146486	+0.515964	+0.109252
+0.085022	-0.477785	+0.127412	-0.436078	+0.168864	-0.403725	+0.197013	-0.356407	+0.387312	-0.216362	+0.415972	+0.031912	+0.448051	+0.011807	+0.486673	+0.058266	+0.499742	+0.051200	+0.502168	+0.115869	+0.525964	+0.117375
+0.095022	-0.478843	+0.137412	-0.438388	+0.178864	-0.410837	+0.207013	-0.370726	+0.397312	+0.027132	+0.425972	+0.005565	+0.458051	-0.077989	+0.496673	-0.079258	+0.509742	+0.057359	+0.512168	+0.115294	+0.535964	+0.083627
+0.105022	-0.479902	+0.147412	-0.440862	+0.188864	-0.412388	+0.217013	-0.376825	+0.407312	-0.032754	+0.435972	-0.031462	+0.468051	+0.046632	+0.506673	+0.114676	+0.519742	+0.046230	+0.522168	+0.071330	+0.545964	+0.288930
+0.115022	-0.480964	+0.157412	-0.443546	+0.198864	-0.422103	+0.227013	-0.388645	+0.417312	-0.007147	+0.445972	+0.012257	+0.478051	+0.080500	+0.516673	+0.181881	+0.529742	+0.153479	+0.532168	+0.170542	+0.555964	+0.162207
+0.125022	-0.482029	+0.167412	-0.446501	+0.208864	-0.428605	+0.237013	-0.403116	+0.427312	-0.048848	+0.455972	-0.029049	+0.488051	+0.026646	+0.526673	+0.112164	+0.539742	+0.111472	+0.542168	+0.116393	+0.565964	+0.104243
+0.135022	-0.483099	+0.177412	-0.449824	+0.218864	-0.449593	+0.247013	-0.434122	+0.437312	-0.063102	+0.465972	-0.006039	+0.498051	+0.071585	+0.536673	+0.087662	+0.549742	+0.165626	+0.552168	+0.120071	+0.575964	+0.131853
+0.145022	-0.484172	+0.187412	-0.453673	+0.228864	-0.488928	+0.257013	-0.442490	+0.447312	-0.113460	+0.475972	-0.077873	+0.508051	+0.036954	+0.546673	+0.068252	+0.559742	+0.113787	+0.562168	+0.118278	+0.585964	+0.093367
+0.155022	-0.485252	+0.197412	-0.458336	+0.238864	-0.696889	+0.267013	-0.623152	+0.457312	-0.461545	+0.485972	+0.069723	+0.518051	+0.001490	+0.556673	+0.100311	+0.569742	+0.119993	+0.572168	+0.100401	+0.595964	+0.113893
+0.165022	-0.486338	+0.207412	-0.464507	+0.248864	-0.261238	+0.277013	-0.214520	+0.467312	+0.043584	+0.495972	-0.011525	+0.528051	-0.103765	+0.566673	+0.063995	+0.579742	+0.063280	+0.582168	+0.106323	+0.605964	+0.074889
+0.175022	-0.487432	+0.217412	-0.472060	+0.258864	-0.379498	+0.287013	-0.336651	+0.477312	-0.054075	+0.505972	-0.018430	+0.538051	+0.122487	+0.576673	+0.099234	+0.589742	+0.097610	+0.592168	+0.095141	+0.615964	+0.084595
+0.185022	-0.488536	+0.227412	-0.489112	+0.268864	-0.452600	+0.297013	-0.381577	+0.487312	-0.032619	+0.515972	-0.052898	+0.548051	+0.047504	+0.586673	+0.062865	+0.599742	+0.082089	+0.602168	+0.104208	+0.625964	+0.014378
+0.195022	-0.489653	+0.237412	-0.598929	+0.278864	-0.663269	+0.307013	-0.433474	+0.497312	-0.020709	+0.525972	-0.043235	+0.558051	+0.049312	+0.596673	+0.062480	+0.609742	+0.113307	+0.612168	+0.110067	+0.635964	-0.016448
+0.205022	-0.490784	+0.247412	-0.461847	+0.288864	-0.288396	+0.317013	-0.646606	+0.507312	-0.149539	+0.535972	-0.245306	+0.568051	-0.056800	+0.606673	+0.095487	+0.619742	+0.091744	+0.622168	+0.091686	+0.645964	-0.117007
+0.215022	-0.491937	+0.257412	-0.513149	+0.298864	-0.349219	+0.327013	-0.463913	+0.517312	-0.067658	+0.545972	-0.056240	+0.578051	+0.022765	+0.616673	+0.115473	+0.629742	+0.086956	+0.632168	+0.093730	+0.655964	+0.042248
+0.225022	-0.493120	+0.267412	-0.839902	+0.308864	-0.351496	+0.337013	-0.222977	+0.527312	-0.073702	+0.555972	-0.077153	+0.588051	+0.031482	+0.626673	+0.079927	+0.639742	+0.107892	+0.642168	+0.110098	+0.665964	+0.146972
+0.235022	-0.494353	+0.277412	-0.371972	+0.318864	-0.389959	+0.347013	-0.297314	+0.537312	-0.011772	+0.565972	-0.317131	+0.598051	+0.017847	+0.636673	+0.094971	+0.649742	+0.129171	+0.652168	+0.099509	+0.675964	+0.110828
+0.245022	-0.495694	+0.287412	-0.431325	+0.328864	-0.365860	+0.357013	-0.317879	+0.547312	-0.067697	+0.575972	+0.027311	+0.608051	+0.006996	+0.646673	+0.100047	+0.659742	+0.101105	+0.662168	+0.057643	+0.685964	+0.075243
+0.255022	-0.497435	+0.297412	-0.410139	+0.338864	-0.460336	+0.367013	-0.340281	+0.557312	-0.128228	+0.585972	-0.018232	+0.618051	-0.045143	+0.656673	+0.075793	+0.669742	+0.075800	+0.672168	+0.078076	+0.695964	-0.017698
+0.265022	-0.497195	+0.307412	-0.474087	+0.348864	-0.413011	+0.377013	-0.353205	+0.567312	-0.127235	+0.595972	-0.055320	+0.628051	-0.023765	+0.666673	+0.100482	+0.679742	+0.047194	+0.682168	+0.109146	+0.705964	+0.016336
+0.275022	-0.497873	+0.317412	-0.443480	+0.358864	-0.364872	+0.387013	-0.359062	+0.577312	-0.024856	+0.605972	+0.010949	+0.638051	+0.074910	+0.676673	+0.085434	+0.689742	+0.113971	+0.692168	+0.101619	+0.715964	+0.054509
+0.285022	-0.499718	+0.327412	-0.458940	+0.368864	-0.392810	+0.397013	-0.371370	+0.587312	-0.056008	+0.615972	-0.061719	+0.648051	-0.004747	+0.686673	+0.060495	+0.699742	+0.044712	+0.702168	+0.096874	+0.725964	+0.005847
+0.295022	-0.501651	+0.337412	-0.473500	+0.378864	-0.407610	+0.407013	-0.383732	+0.597312	-0.140957	+0.625972	-0.118495	+0.658051	-0.035414	+0.696673	+0.031405	+0.709742	+0.107102	+0.712168	+0.073160	+0.735964	-0.016527
+0.305022	-0.502207	+0.347412	-0.491975	+0.388864	-0.441824	+0.417013	-0.391077	+0.607312	+0.178435	+0.635972	+0.217094	+0.668051	+0.196330	+0.706673	+0.066012	+0.719742	+0.097740	+0.722168	+0.132023	+0.745964	+0.265624
+0.315022	-0.504681	+0.357412	-0.504248	+0.398864	-0.415963	+0.427013	-0.384400	+0.617312	-0.139538	+0.645972	-0.108688	+0.678051	-0.020774	+0.716673	+0.102433	+0.729742	+0.087141	+0.732168	+0.045495	+0.755964	+0.188442
+0.325022	-0.502503	+0.367412	-0.564400	+0.408864	-0.494335	+0.437013	-0.379244	+0.627312	-0.102898	+0.655972	-0.233134	+0.688051	-0.105152	+0.726673	+0.053240	+0.739742	+0.092815	+0.742168	+0.072516	+0.765964	+0.015827
+0.335022	-0.505829	+0.377412	-0.808704	+0.418864	-0.244750	+0.447013	-0.372865	+0.637312	-0.070384	+0.665972	-0.007603	+0.698051	-0.041747	+0.736673	+0.111101	+0.749742	+0.124401	+0.752168	+0.124284	+0.775964	+0.074708
+0.345022	-0.508093	+0.387412	-0.161982	+0.428864	-0.385372	+0.457013	-0.387513	+0.647312	-0.093439	+0.675972	-0.045865	+0.708051	-0.035358	+0.746673	+0.106268	+0.759742	+0.090338	+0.762168	+0.094140	+0.785964	+0.054117
+0.355022	-0.509934	+0.397412	-0.354524	+0.438864	-0.369014	+0.467013	-0.434505	+0.657312	+0.034081	+0.685972	+0.037585	+0.718051	+0.050396	+0.756673	+0.065312	+0.769742	+0.106324	+0.772168	+0.029117	+0.795964	+0.228394
+0.365022	-0.508715	+0.407412	-0.405569	+0.448864	-0.387417	+0.477013	-0.423627	+0.667312	-0.016008	+0.695972	+0.006976	+0.728051	+0.057880	+0.766673	+0.093996	+0.779742	+0.073951	+0.782168	+0.100351	+0.805964	+0.142610
+0.375022	-0.511288	+0.417412	-0.408573	+0.458864	-0.417475	+0.487013	-0.585843	+0.677312	-0.018209	+0.705972	+0.015548	+0.738051	+0.031542	+0.776673	+0.102286	+0.789742	+0.085090	+0.792168	+0.128041	+0.815964	+0.126240
+0.385022	-0.518178	+0.427412	-0.438758	+0.468864	-0.432372	+0.497013	-0.139335	+0.687312	-0.045232	+0.715972	+0.061247	+0.748051	+0.015146	+0.786673	+0.074140	+0.799742	+0.120353	+0.802168	+0.112572	+0.825964	+0.188303
+0.395022	-0.509324	+0.437412	-0.441376	+0.478864	-0.428191	+0.507013	-0.314127	+0.697312	+0.080783	+0.725972	+0.040499	+0.758051	+0.149929	+0.796673	+0.055998	+0.809742	+0.088126	+0.812168	+0.094469	+0.835964	+0.028010
+0.405022	-0.513442	+0.447412	-0.449090	+0.488864	-0.519304	+0.517013	-0.381425	+0.707312	-0.087770	+0.735972	-0.057851	+0.768051	+0.071534	+0.806673	+0.050245	+0.819742	-0.042702	+0.822168	+0.084061	+0.845964	+0.156976
+0.415022	-0.512114	+0.457412	-0.464302	+0.498864	-0.331693	+0.527013	-0.361473	+0.717312	-0.020745	+0.745972	-0.053136	+0.778051	+0.027814	+0.816673	+0.046143	+0.829742	+0.135274	+0.832168	+0.113017	+0.855964	+0.109786
+0.425022	-0.516624	+0.467412	-0.465657	+0.508864	-0.369926	+0.537013	-0.378668	+0.727312	-0.048518	+0.755972	-0.070728	+0.788051	+0.053200	+0.826673	+0.013053	+0.839742	+0.099117	+0.842168	+0.112452	+0.865964	+0.103026
+0.435022	-0.519015	+0.477412	-0.511480	+0.518864	-0.378522	+0.547013	-0.356402	+0.737312	-0.089687	+0.765972	-0.100582	+0.798051	+0.032798	+0.836673	+0.030758	+0.849742	+0.111729	+0.852168	+0.023587	+0.875964	+0.080473
+0.445022	-0.520400	+0.487412	-0.477811	+0.528864	-0.391381	+0.557013	-0.423271	+0.747312	-0.066824	+0.775972	-0.031824	+0.808051	+0.005790	+0.846673	+0.119448	+0.859742	+0.041127	+0.862168	+0.114615	+0.885964	+0.084538
+0.455022	-0.523635	+0.497412	-0.510181	+0.538864	-0.399473	+0.567013	-0.400099	+0.757312	-0.037420	+0.785972	+0.054195	+0.818051	+0.091726	+0.856673	+0.100798	+0.869742	+0.148371	+0.872168	+0.161342	+0.895964	+0.134537
+0.465022	-0.519677	+0.507412	-0.453887	+0.548864	-0.417623	+0.577013	-0.363587	+0.767312	-0.084129	+0.795972	-0.050750	+0.828051	-0.020607	+0.866673	+0.042234	+0.879742	+0.140316	+0.882168	+0.046223	+0.905964	+0.104242
+0.475022	-0.525498	+0.517412	-0.475804	+0.558864	-0.423579	+0.587013	-0.400412	+0.777312	-0.036111	+0.805972	-0.051320	+0.838051	+0.032296	+0.876673	+0.115061	+0.889742	+0.092867	+0.892168	+0.068468	+0.915964	+0.107900
+0.485022	-0.529607	+0.527412	-0.510029	+0.568864	-0.426551	+0.597013	-0.388091	+0.787312	-0.025697	+0.815972	-0.025284	+0.848051	-0.081775	+0.886673	+0.105158	+0.899742	+0.056385	+0.902168	+0.198051	+0.925964	-0.047375
+0.495022	-0.539340	+0.537412	-0.326756	+0.578864	-0.463216	+0.607013	-0.393426	+0.797312	-0.135499	+0.825972	-0.073778	+0.858051	-0.007572	+0.896673	+0.105613	+0.909742	+0.188898	+0.912168	+0.102695	+0.935964	+0.032443
+0.505022	-0.533740	+0.547412	-0.447530	+0.588864	-0.388506	+0.617013	-0.366804	+0.807312	-0.116516	+0.835972	-0.055789	+0.868051	-0.043968	+0.906673	+0.038609	+0.919742	+0.132405	+0.922168	+0.113959	+0.945964	+0.095602
+0.515022	-0.527515	+0.557412	-0.475928	+0.598864	-0.453887	+0.627013	-0.418847	+0.817312	+0.002126	+0.845972	-0.099684	+0.878051	-0.002479	+0.916673	+0.026649	+0.929742	+0.104481	+0.932168	+0.102677	+0.955964	+0.196235
+0.525022	-0.527749	+0.567412	-0.509769	+0.608864	-0.466756	+0.637013	-0.430052	+0.827312	+0.057815	+0.855972	-0.148397	+0.888051	+0.064697	+0.926673	+0.170633	+0.939742	+0.091598	+0.942168	+0.142573	+0.965964	+0.108262
+0.535022	-0.536113	+0.577412	-0.509855	+0.618864	-0.470511	+0.647013	-0.400459	+0.837312	-0.073303	+0.865972	+0.068575	+0.898051	+0.062722	+0.936673	+0.120994	+0.949742	+0.089442	+0.952168	+0.122475	+0.975964	+0.053100
+0.545022	-0.541278	+0.587412	-0.486255	+0.628864	-0.514680	+0.657013	-0.464581	+0.847312	+0.021905	+0.875972	-0.093847	+0.908051	+0.023276	+0.946673	+0.061767	+0.959742	+0.146960	+0.962168	+0.147766	+0.985964	+0.123732
+0.555022	-0.530369	+0.597412	-0.484704	+0.638864	-0.431649	+0.667013	-0.386401	+0.857312	-0.036140	+0.885972	-0.097495	+0.918051	+0.000356	+0.956673	+0.060920	+0.969742	+0.114198	+0.972168	+0.035918	+0.995964	+0.001427
+0.565022	-0.540329	+0.607412	-0.472477	+0.648864	-0.501412	+0.677013	-0.348500	+0.867312	-0.077793	+0.895972	-0.113236	+0.928051	-0.024187	+0.966673	+0.100372	+0.979742	+0.109643	+0.982168	+0.168937	+1.005964	+0.133711
+0.575022	-0.565581	+0.617412	-0.496748	+0.658864	-0.352938	+0.687013	-0.410192	+0.877312	-0.097317	+0.905972	+0.007897	+0.938051	-0.023918	+0.976673	+0.094086	+0.989742	+0.127161	+0.992168	+0.118701	+1.015964	+0.035654
+0.585022	-0.545322	+0.627412	-0.488266	+0.668864	-0.440632	+0.697013	-0.509555	+0.887312	-0.091104	+0.915972	-0.058544	+0.948051	-0.066147	+0.986673	+0.001983	+0.999742	+0.161162	+1.002168	+0.068583	+1.025964	-0.004516
+0.595022	-0.494439	+0.637412	-0.455996	+0.678864	-0.401454	+0.707013	-0.394829	+0.897312	-0.050225	+0.925972	+0.021496	+0.958051	-0.042189	+0.996673	+0.077463	+1.009742	+0.156150	+1.012168	+0.106135	+1.035964	+0.140877
+0.605022	-0.539071	+0.647412	-0.477497	+0.688864	-0.460497	+0.717013	-0.396392	+0.907312	-0.100723	+0.935972	-0.062876	+0.968051	-0.043131	+1.006673	+0.130508	+1.019742	+0.127419	+1.022168	+0.082511	+1.045964	+0.150652
+0.615022	-0.530647	+0.657412	-0.513214	+0.698864	-0.457353	+0.727013	-0.457612	+0.917312	-0.060328	+0.945972	-0.108545	+0.978051	+0.050257	+1.016673	+0.061949	+1.029742	+0.127831	+1.032168	+0.179773	+1.055964	+0.051325
+0.625022	-0.538486	+0.667412	-0.585235	+0.708864	-0.432648	+0.737013	-0.464205	+0.927312	-0.105640	+0.955972	-0.039103	+0.988051	+0.106712	+1.026673	+0.032877	+1.039742	+0.138288	+1.042168	+0.152584	+1.065964	+0.059428
+0.635022	-0.553009	+0.677412	-0.447650	+0.718864	-0.493539	+0.747013	-0.529058	+0.937312	-0.176586	+0.965972	-0.050742	+0.998051	-0.008241	+1.036673	+0.074905	+1.049742	+0.169276	+1.052168	+0.188223	+1.075964	+0.017477
+0.645022	-0.595022	+0.687412	-0.484561	+0.728864	-0.454348	+0.757013	-0.377265	+0.947312	-0.053498	+0.975972	-0.028327	+1.008051	+0.058508	+1.046673	+0.204122	+1.059742	+0.064560	+1.062168	+0.179083	+1.085964	+0.071713
+0.655022	-0.518242	+0.697412	-0.525583	+0.738864	-0.402408	+0.767013	-0.401426	+0.957312	-0.124953	+0.985972	-0.037797	+1.018051	-0.021536	+1.056673	+0.195959	+1.069742	+0.131123	+1.072168	+0.142304	+1.095964	+0.038701
